0.368942	0.6232
0.370876	0.623189
0.372812	0.623175
0.374746	0.623163
0.376683	0.623151
0.378618	0.623139
0.380553	0.623125
0.382488	0.623113
0.384423	0.623101
0.386358	0.62309
0.388294	0.623076
0.39023	0.623064
0.392164	0.623052
0.394099	0.62304
0.396035	0.623027
0.39797	0.623015
0.399906	0.623003
0.401841	0.622989
0.403776	0.622977
0.405711	0.622965
0.407646	0.622953
0.409581	0.622939
0.411517	0.622928
0.413453	0.622915
0.415387	0.622904
0.417322	0.62289
0.419258	0.622878
0.421193	0.622866
0.423129	0.622854
0.425064	0.622841
0.426999	0.622829
0.428934	0.622816
0.430869	0.622804
0.432804	0.622791
0.43474	0.622779
0.436675	0.622767
0.43861	0.622753
0.440545	0.622742
0.44248	0.622729
0.444416	0.622718
0.446352	0.622704
0.448287	0.622692
0.450222	0.62268
0.452157	0.622668
0.454092	0.622654
0.456027	0.622642
0.457963	0.62263
0.459898	0.622618
0.461834	0.622605
0.463768	0.622593
0.463768	0.622593
0.463005	0.620841
0.46224	0.619089
0.461477	0.617336
0.460713	0.615584
0.459948	0.613831
0.459184	0.612079
0.458421	0.610328
0.457656	0.608575
0.456893	0.606822
0.456129	0.60507
0.455364	0.603318
0.4546	0.601566
0.453837	0.599814
0.453072	0.59806
0.452309	0.596308
0.451545	0.594556
0.45078	0.592805
0.450017	0.591052
0.449253	0.589301
0.448488	0.587547
0.447724	0.585795
0.446961	0.584043
0.446196	0.582291
0.445433	0.580539
0.444669	0.578785
0.443906	0.577033
0.44314	0.575282
0.442377	0.57353
0.441613	0.571778
0.440849	0.570024
0.440085	0.568272
0.439322	0.56652
0.438557	0.564768
0.437793	0.563016
0.437029	0.561264
0.436265	0.559511
0.435501	0.557758
0.434737	0.556006
0.433972	0.554255
0.433209	0.552503
0.432446	0.550749
0.431681	0.548997
0.430917	0.547245
0.430153	0.545493
0.429388	0.543741
0.428625	0.541989
0.427862	0.540235
0.427096	0.538484
0.426333	0.536732
0.426211	0.533595
0.426092	0.530458
0.42597	0.527322
0.425849	0.524187
0.425728	0.52105
0.425607	0.517914
0.425485	0.514777
0.425366	0.511641
0.425244	0.508505
0.425122	0.505368
0.425003	0.502233
0.424881	0.499096
0.42476	0.49596
0.424639	0.492823
0.424518	0.489687
0.424396	0.48655
0.424277	0.483414
0.424155	0.480279
0.424034	0.477143
0.423913	0.474006
0.423792	0.470869
0.423671	0.467733
0.42355	0.464596
0.423429	0.46146
0.423307	0.458325
0.423186	0.455188
0.423066	0.452052
0.422945	0.448916
0.422823	0.445779
0.422703	0.442642
0.422581	0.439506
0.42246	0.436371
0.42234	0.433234
0.422218	0.430098
0.422097	0.426961
0.421977	0.423825
0.421856	0.420689
0.421734	0.417552
0.421614	0.414417
0.421492	0.411281
0.421371	0.408144
0.421251	0.405007
0.421129	0.401871
0.421008	0.398734
0.420888	0.395598
0.420767	0.392463
0.420645	0.389326
0.420525	0.38619
0.420403	0.383054
0.420986	0.37881
0.421569	0.374566
0.422151	0.370321
0.422733	0.366078
0.423316	0.361835
0.423898	0.357591
0.42448	0.353347
0.425064	0.349102
0.425646	0.344859
0.426228	0.340616
0.426812	0.336372
0.427393	0.332128
0.427977	0.327883
0.428559	0.32364
0.429141	0.319397
0.429724	0.315153
0.430306	0.31091
0.430889	0.306665
0.431472	0.302421
0.432054	0.298177
0.432636	0.293934
0.433219	0.28969
0.433801	0.285446
0.434383	0.281202
0.434967	0.276958
0.435549	0.272715
0.436131	0.26847
0.436715	0.264227
0.437296	0.259983
0.437878	0.25574
0.438462	0.251496
0.439044	0.247251
0.439626	0.243008
0.440209	0.238764
0.440792	0.234521
0.441373	0.230277
0.441957	0.226032
0.442539	0.221788
0.443122	0.217545
0.443704	0.213301
0.444286	0.209058
0.44487	0.204813
0.445452	0.20057
0.446034	0.196326
0.446618	0.192082
0.447199	0.187839
0.447781	0.183594
0.448365	0.179351
0.448947	0.175107
0.449142	0.173096
0.449337	0.171104
0.449529	0.169131
0.449719	0.167178
0.449909	0.165244
0.450095	0.16333
0.45028	0.161436
0.450464	0.159561
0.450647	0.157707
0.450827	0.155871
0.451005	0.154055
0.451182	0.152259
0.451356	0.150481
0.45153	0.148724
0.451701	0.146986
0.45187	0.145268
0.452039	0.14357
0.452205	0.14189
0.45237	0.140231
0.452533	0.138591
0.452694	0.13697
0.452854	0.13537
0.453012	0.133788
0.453168	0.132226
0.453323	0.130684
0.453476	0.129162
0.453626	0.127659
0.453775	0.126175
0.453923	0.124711
0.454068	0.123267
0.454212	0.121842
0.454354	0.120437
0.454496	0.119051
0.454634	0.117685
0.454771	0.116339
0.454906	0.115011
0.45504	0.113704
0.455172	0.112416
0.455302	0.111148
0.455431	0.109899
0.455558	0.10867
0.455682	0.10746
0.455807	0.10627
0.455928	0.105099
0.456048	0.103948
0.456167	0.102817
0.456282	0.101705
0.456398	0.100613
0.45651	0.0995403
0.456642	0.0982509
0.456772	0.0969088
0.4569	0.0955141
0.457027	0.0940668
0.457152	0.0925668
0.457276	0.0910141
0.457398	0.0894087
0.457518	0.0877506
0.457637	0.08604
0.457752	0.0842766
0.457867	0.0824604
0.45798	0.0805917
0.458093	0.0786704
0.458202	0.0766962
0.45831	0.0746694
0.458417	0.07259
0.45852	0.0704578
0.458623	0.0682731
0.458724	0.0660357
0.458825	0.0637455
0.458922	0.0614028
0.459018	0.0590073
0.459112	0.0565592
0.459204	0.0540583
0.459295	0.0515049
0.459384	0.0488988
0.459473	0.0462399
0.459558	0.0435285
0.459642	0.0407643
0.459724	0.0379475
0.459805	0.035078
0.459884	0.0321558
0.459962	0.0291809
0.460036	0.0261534
0.46011	0.0230732
0.460182	0.0199402
0.460253	0.0167547
0.460322	0.0135166
0.460388	0.0102257
0.460453	0.00688212
0.460516	0.0034859
0.460578	3.69979e-05
0.460639	-0.00346457
0.460696	-0.00701881
0.460754	-0.0106257
0.460809	-0.0142853
0.460861	-0.0179976
0.460914	-0.0217624
0.460963	-0.0255801
0.461888	-0.0266681
0.46281	-0.0277562
0.463734	-0.0288441
0.464657	-0.0299322
0.465581	-0.0310201
0.466503	-0.0321083
0.467427	-0.0331962
0.468351	-0.0342843
0.469274	-0.0353722
0.470197	-0.0364604
0.47112	-0.0375483
0.472044	-0.0386364
0.472967	-0.0397243
0.47389	-0.0408125
0.474815	-0.0419004
0.475737	-0.0429885
0.476661	-0.0440764
0.477583	-0.0451645
0.478507	-0.0462525
0.47943	-0.0473406
0.480354	-0.0484286
0.481278	-0.0495167
0.482201	-0.0506046
0.483125	-0.0516927
0.484047	-0.0527806
0.484971	-0.0538687
0.485894	-0.0549567
0.486817	-0.0560448
0.487741	-0.0571327
0.488664	-0.0582208
0.489588	-0.0593088
0.49051	-0.0603969
0.491434	-0.0614849
0.492357	-0.0625729
0.493281	-0.0636609
0.494205	-0.064749
0.495128	-0.065837
0.496052	-0.066925
0.496974	-0.068013
0.497898	-0.0691011
0.498821	-0.0701891
0.499744	-0.0712771
0.500668	-0.0723651
0.501591	-0.0734532
0.502515	-0.0745412
0.503437	-0.0756292
0.504362	-0.0767172
0.505284	-0.0778053
0.506208	-0.0788932
0.508245	-0.0775467
0.510281	-0.0762001
0.512317	-0.0748536
0.514355	-0.0735072
0.51639	-0.0721606
0.518427	-0.0708141
0.520464	-0.0694675
0.5225	-0.068121
0.524536	-0.0667744
0.526574	-0.0654279
0.528609	-0.0640813
0.530646	-0.0627349
0.532682	-0.0613884
0.534718	-0.0600418
0.536756	-0.0586953
0.538791	-0.0573488
0.540828	-0.0560022
0.542865	-0.0546557
0.544901	-0.0533093
0.546937	-0.0519627
0.548975	-0.0506161
0.55101	-0.0492696
0.553047	-0.047923
0.555084	-0.0465765
0.557119	-0.04523
0.559157	-0.0438836
0.561194	-0.042537
0.563229	-0.0411905
0.565266	-0.0398439
0.567303	-0.0384973
0.569338	-0.0371508
0.571376	-0.0358042
0.573412	-0.0344577
0.575448	-0.0331113
0.577485	-0.0317648
0.579522	-0.0304182
0.581558	-0.0290716
0.583595	-0.0277251
0.58563	-0.0263786
0.587667	-0.025032
0.589704	-0.0236856
0.591739	-0.022339
0.593777	-0.0209925
0.595813	-0.0196459
0.597849	-0.0182994
0.599886	-0.0169528
0.601923	-0.0156063
0.603959	-0.0142598
0.605996	-0.0129133
0.607399	-0.0135655
0.608803	-0.0142176
0.610208	-0.0148698
0.611611	-0.015522
0.613016	-0.016174
0.61442	-0.0168263
0.615823	-0.0174784
0.617228	-0.0181306
0.618632	-0.0187827
0.620035	-0.0194349
0.62144	-0.0200871
0.622843	-0.0207393
0.624249	-0.0213915
0.625653	-0.0220436
0.627057	-0.0226958
0.628461	-0.0233479
0.629865	-0.0240001
0.631269	-0.0246522
0.632673	-0.0253044
0.634077	-0.0259566
0.635481	-0.0266088
0.636885	-0.0272608
0.638289	-0.027913
0.639693	-0.0285653
0.641097	-0.0292174
0.642501	-0.0298695
0.643905	-0.0305217
0.645309	-0.0311739
0.646713	-0.0318261
0.648117	-0.0324781
0.649521	-0.0331304
0.650925	-0.0337825
0.652329	-0.0344348
0.653733	-0.0350869
0.655137	-0.035739
0.656541	-0.0363912
0.657946	-0.0370434
0.65935	-0.0376956
0.660754	-0.0383476
0.662159	-0.0389999
0.663563	-0.039652
0.664967	-0.0403042
0.66637	-0.0409563
0.667774	-0.0416085
0.669179	-0.0422607
0.670582	-0.0429129
0.671986	-0.043565
0.673391	-0.0442171
0.674794	-0.0448694
0.674269	-0.0508047
0.673743	-0.0567399
0.673218	-0.0626753
0.672693	-0.0686104
0.672167	-0.0745458
0.671642	-0.0804812
0.671115	-0.0864164
0.67059	-0.0923517
0.670065	-0.0982869
0.669539	-0.104222
0.669013	-0.110158
0.668489	-0.116093
0.667962	-0.122028
0.667437	-0.127963
0.66691	-0.133899
0.666386	-0.139834
0.66586	-0.145769
0.665334	-0.151704
0.664809	-0.15764
0.664284	-0.163575
0.663758	-0.169511
0.663233	-0.175446
0.662708	-0.181382
0.662181	-0.187317
0.661656	-0.193251
0.66113	-0.199186
0.660605	-0.205122
0.66008	-0.211058
0.659553	-0.216993
0.659028	-0.222929
0.658503	-0.228864
0.657976	-0.234798
0.657451	-0.240733
0.656926	-0.246669
0.6564	-0.252605
0.655875	-0.25854
0.655349	-0.264475
0.654824	-0.270411
0.654299	-0.276345
0.653772	-0.28228
0.653247	-0.288216
0.652722	-0.294152
0.652195	-0.300087
0.651671	-0.306022
0.651144	-0.311958
0.650619	-0.317892
0.650094	-0.323827
0.649568	-0.329763
0.649042	-0.335699
0.650572	-0.337091
0.652093	-0.338476
0.653604	-0.339853
0.655104	-0.341221
0.656593	-0.342584
0.658074	-0.343936
0.659544	-0.345284
0.661003	-0.346622
0.662452	-0.347952
0.663892	-0.349274
0.66532	-0.350589
0.66674	-0.351896
0.66815	-0.353196
0.669547	-0.354488
0.670937	-0.35577
0.672315	-0.357046
0.673683	-0.358316
0.675042	-0.359576
0.676389	-0.360828
0.677727	-0.362073
0.679055	-0.36331
0.680373	-0.364539
0.681679	-0.365762
0.682977	-0.366975
0.684264	-0.368181
0.685542	-0.369379
0.686808	-0.370569
0.688065	-0.371752
0.689311	-0.372927
0.690549	-0.374094
0.691774	-0.375253
0.692991	-0.376406
0.694197	-0.37755
0.695394	-0.378686
0.696579	-0.379814
0.697755	-0.380934
0.698921	-0.382047
0.700075	-0.383153
0.701221	-0.38425
0.702356	-0.385339
0.70348	-0.386421
0.704597	-0.387495
0.705701	-0.388562
0.706795	-0.389621
0.70788	-0.39067
0.708954	-0.391713
0.710017	-0.392748
0.711072	-0.393776
0.712116	-0.394796
0.713969	-0.39684
0.715758	-0.398857
0.717484	-0.400848
0.719148	-0.402814
0.720751	-0.404759
0.722297	-0.406678
0.723783	-0.408579
0.725213	-0.410459
0.726587	-0.41232
0.727907	-0.414165
0.729173	-0.415992
0.730387	-0.417805
0.73155	-0.419604
0.732665	-0.421391
0.733731	-0.423165
0.73475	-0.42493
0.735723	-0.426686
0.736652	-0.428435
0.737537	-0.430176
0.738379	-0.431913
0.739182	-0.433646
0.739945	-0.435375
0.740669	-0.437102
0.741355	-0.438829
0.742007	-0.440557
0.742622	-0.442288
0.743205	-0.444021
0.743754	-0.44576
0.744273	-0.447503
0.744762	-0.449253
0.745223	-0.451011
0.745656	-0.452778
0.746063	-0.454556
0.746444	-0.456345
0.746802	-0.458148
0.747136	-0.459964
0.747451	-0.461796
0.747746	-0.463646
0.74802	-0.465511
0.748277	-0.467396
0.748518	-0.469302
0.748743	-0.471228
0.748954	-0.473178
0.749154	-0.475151
0.749341	-0.477149
0.749518	-0.479172
0.749686	-0.481224
0.749847	-0.483305
0.75	-0.485415
0.750126	-0.487575
0.750202	-0.489804
0.750231	-0.4921
0.750211	-0.494459
0.750142	-0.49688
0.750027	-0.499359
0.749862	-0.501895
0.74965	-0.504485
0.749393	-0.507126
0.749086	-0.509817
0.748733	-0.512555
0.748333	-0.515335
0.747888	-0.518158
0.747396	-0.521022
0.746857	-0.523922
0.746274	-0.526856
0.745644	-0.529821
0.74497	-0.532817
0.744251	-0.535839
0.743486	-0.538887
0.742677	-0.541956
0.741823	-0.545046
0.740926	-0.548153
0.739986	-0.551274
0.739001	-0.554408
0.737973	-0.557551
0.7369	-0.560703
0.735786	-0.56386
0.73463	-0.56702
0.73343	-0.570178
0.732187	-0.573336
0.730904	-0.576489
0.729577	-0.579635
0.728209	-0.582771
0.726801	-0.585896
0.725351	-0.589005
0.723859	-0.592098
0.722328	-0.595171
0.720756	-0.598222
0.719143	-0.601251
0.717492	-0.604251
0.7158	-0.607222
0.714067	-0.610162
0.712298	-0.613069
0.710487	-0.615939
0.708639	-0.618769
0.706751	-0.62156
0.704824	-0.624305
0.702861	-0.627004
0.70356	-0.623145
0.704241	-0.619344
0.704904	-0.615603
0.705549	-0.611922
0.706175	-0.608298
0.706784	-0.604735
0.707373	-0.601231
0.707944	-0.597786
0.708498	-0.5944
0.709034	-0.591074
0.709551	-0.587807
0.71005	-0.584599
0.710532	-0.581449
0.710994	-0.578361
0.711438	-0.575331
0.711866	-0.57236
0.712274	-0.569448
0.712664	-0.566595
0.713035	-0.563802
0.713388	-0.561068
0.713724	-0.558393
0.71404	-0.555778
0.714341	-0.553221
0.714621	-0.550725
0.714884	-0.548288
0.715128	-0.545909
0.715355	-0.54359
0.715563	-0.541329
0.715752	-0.539129
0.715925	-0.536987
0.716078	-0.534905
0.716212	-0.532881
0.71633	-0.530918
0.716429	-0.529014
0.71651	-0.527168
0.716573	-0.525382
0.716617	-0.523655
0.716643	-0.521988
0.71665	-0.52038
0.716641	-0.51883
0.716613	-0.517341
0.716566	-0.51591
0.716502	-0.514539
0.716418	-0.513227
0.716317	-0.511974
0.716197	-0.51078
0.716061	-0.509646
0.715905	-0.508571
0.715731	-0.507555
0.715526	-0.506532
0.715297	-0.5055
0.715048	-0.504459
0.714778	-0.503409
0.714487	-0.502353
0.714177	-0.50129
0.713847	-0.50022
0.713498	-0.499144
0.71313	-0.498064
0.712746	-0.49698
0.712342	-0.495891
0.711923	-0.494799
0.711486	-0.493706
0.711035	-0.492609
0.710566	-0.491513
0.710083	-0.490414
0.709587	-0.489316
0.709075	-0.488218
0.70855	-0.487124
0.708014	-0.486028
0.707463	-0.484936
0.7069	-0.483847
0.706327	-0.482763
0.705742	-0.481681
0.705147	-0.480604
0.704541	-0.479535
0.703926	-0.47847
0.703302	-0.477412
0.70267	-0.476363
0.70203	-0.47532
0.70138	-0.474286
0.700725	-0.473262
0.700063	-0.472247
0.699396	-0.471243
0.698722	-0.47025
0.698043	-0.469269
0.697361	-0.4683
0.696672	-0.467343
0.695982	-0.466401
0.695288	-0.465473
0.69459	-0.464559
0.693891	-0.463661
0.693191	-0.462778
0.692488	-0.461913
0.691787	-0.461064
0.691084	-0.460233
0.690381	-0.459422
0.689681	-0.458628
0.68898	-0.457855
0.688228	-0.457047
0.687444	-0.45623
0.686628	-0.455406
0.685779	-0.454574
0.684898	-0.453734
0.683986	-0.452885
0.683043	-0.452029
0.682066	-0.451165
0.681057	-0.450294
0.680016	-0.449415
0.678944	-0.448528
0.677839	-0.447634
0.676702	-0.446732
0.675532	-0.445821
0.674333	-0.444903
0.673098	-0.443978
0.671833	-0.443043
0.670536	-0.442103
0.669207	-0.441153
0.667845	-0.440196
0.666451	-0.439231
0.665026	-0.438258
0.663569	-0.437278
0.662079	-0.43629
0.660556	-0.435294
0.659002	-0.43429
0.657417	-0.43328
0.655798	-0.43226
0.654149	-0.431232
0.652467	-0.430197
0.650753	-0.429154
0.649006	-0.428104
0.647228	-0.427045
0.645417	-0.42598
0.643575	-0.424906
0.6417	-0.423824
0.639794	-0.422735
0.637854	-0.421638
0.635883	-0.420533
0.63388	-0.41942
0.631845	-0.418299
0.629778	-0.417171
0.62768	-0.416034
0.625548	-0.414889
0.623385	-0.413737
0.621189	-0.412578
0.618961	-0.411411
0.616702	-0.410237
0.61441	-0.409053
0.613863	-0.409416
0.613316	-0.409779
0.612768	-0.410143
0.61222	-0.410506
0.611672	-0.410869
0.611124	-0.411233
0.610576	-0.411596
0.610029	-0.411959
0.609482	-0.412323
0.608934	-0.412686
0.608386	-0.413049
0.607839	-0.413412
0.60729	-0.413775
0.606742	-0.414139
0.606195	-0.414502
0.605648	-0.414865
0.6051	-0.415229
0.604552	-0.415592
0.604005	-0.415955
0.603457	-0.416319
0.602908	-0.416682
0.602361	-0.417045
0.601814	-0.417408
0.601266	-0.417771
0.600718	-0.418135
0.600171	-0.418498
0.599624	-0.418861
0.599076	-0.419224
0.598527	-0.419588
0.597979	-0.419952
0.597432	-0.420315
0.596885	-0.420678
0.596337	-0.421041
0.595789	-0.421404
0.595242	-0.421767
0.594695	-0.422131
0.594145	-0.422494
0.593598	-0.422857
0.593051	-0.42322
0.592503	-0.423584
0.591956	-0.423948
0.591408	-0.424311
0.590861	-0.424674
0.590313	-0.425037
0.589764	-0.4254
0.589217	-0.425763
0.588669	-0.426127
0.588121	-0.42649
0.587574	-0.426853
0.586457	-0.427555
0.585322	-0.428238
0.58417	-0.428902
0.583001	-0.429547
0.581814	-0.430173
0.58061	-0.430781
0.579387	-0.431368
0.578148	-0.431939
0.576891	-0.432489
0.575616	-0.43302
0.574324	-0.433533
0.573015	-0.434027
0.571689	-0.434501
0.570345	-0.434956
0.568983	-0.435395
0.567604	-0.435812
0.566208	-0.43621
0.564793	-0.436592
0.563362	-0.436953
0.561914	-0.437295
0.560446	-0.437619
0.558963	-0.437924
0.557462	-0.438209
0.555942	-0.438476
0.554406	-0.438723
0.552852	-0.438952
0.551281	-0.439163
0.549693	-0.439353
0.548087	-0.439526
0.546463	-0.439679
0.544822	-0.439813
0.543164	-0.439929
0.541488	-0.440025
0.539794	-0.440103
0.538083	-0.440161
0.536355	-0.440202
0.534609	-0.440223
0.532845	-0.440225
0.531065	-0.440208
0.529266	-0.440172
0.527451	-0.440118
0.525618	-0.440044
0.523767	-0.439951
0.521899	-0.439841
0.520014	-0.43971
0.518111	-0.43956
0.51619	-0.439392
0.514253	-0.439204
0.512296	-0.438999
0.510757	-0.438822
0.509223	-0.438631
0.50769	-0.438424
0.50616	-0.438202
0.504633	-0.437966
0.503109	-0.437713
0.501588	-0.437446
0.500069	-0.437165
0.498554	-0.436867
0.49704	-0.436554
0.495531	-0.436227
0.494024	-0.435885
0.492519	-0.435527
0.491019	-0.435153
0.489521	-0.434764
0.488025	-0.434363
0.486531	-0.433944
0.485042	-0.433511
0.483555	-0.433062
0.48207	-0.432597
0.48059	-0.432118
0.47911	-0.431625
0.477636	-0.431115
0.476163	-0.430592
0.474693	-0.430051
0.473226	-0.429497
0.471762	-0.428928
0.470299	-0.428343
0.468841	-0.427743
0.467387	-0.427128
0.465933	-0.426498
0.464484	-0.425853
0.463036	-0.425192
0.461592	-0.424517
0.460151	-0.423825
0.458712	-0.42312
0.457276	-0.422399
0.455844	-0.421662
0.454415	-0.420912
0.452988	-0.420145
0.451563	-0.419364
0.450143	-0.418567
0.448723	-0.417756
0.447307	-0.416928
0.445894	-0.416087
0.444485	-0.41523
0.443078	-0.414357
0.441674	-0.41347
0.440273	-0.412567
0.439922	-0.412161
0.439572	-0.411756
0.439221	-0.41135
0.438871	-0.410943
0.438521	-0.410537
0.438171	-0.410132
0.43782	-0.409725
0.43747	-0.409318
0.437119	-0.408913
0.43677	-0.408507
0.436419	-0.4081
0.436069	-0.407694
0.435719	-0.407289
0.435369	-0.406883
0.435018	-0.406476
0.434669	-0.406071
0.434318	-0.405664
0.433966	-0.405258
0.433617	-0.404852
0.433266	-0.404447
0.432917	-0.40404
0.432565	-0.403634
0.432216	-0.403228
0.431865	-0.402822
0.431516	-0.402415
0.431165	-0.402009
0.430815	-0.401604
0.430464	-0.401197
0.430115	-0.400791
0.429764	-0.400386
0.429414	-0.399979
0.429063	-0.399573
0.428712	-0.399166
0.428363	-0.398761
0.428011	-0.398355
0.427662	-0.397949
0.427311	-0.397544
0.426961	-0.397137
0.426611	-0.396731
0.426261	-0.396324
0.42591	-0.395919
0.425561	-0.395512
0.425209	-0.395106
0.42486	-0.394701
0.424509	-0.394294
0.42416	-0.393888
0.423808	-0.393482
0.423459	-0.393076
0.423108	-0.39267
0.420207	-0.393708
0.417343	-0.394741
0.414522	-0.395771
0.411738	-0.396796
0.408994	-0.397819
0.406292	-0.398838
0.403626	-0.399852
0.401001	-0.400863
0.398416	-0.401869
0.395869	-0.402873
0.393363	-0.403872
0.390897	-0.404868
0.38847	-0.40586
0.386082	-0.406848
0.383733	-0.407832
0.381424	-0.408811
0.379155	-0.40979
0.376926	-0.410762
0.374736	-0.41173
0.372585	-0.412695
0.370475	-0.413656
0.368403	-0.414615
0.36637	-0.415567
0.364378	-0.416519
0.362426	-0.417463
0.360511	-0.418405
0.358638	-0.419345
0.356803	-0.420279
0.355009	-0.42121
0.353253	-0.422137
0.351537	-0.42306
0.349861	-0.423979
0.348225	-0.424896
0.346628	-0.425808
0.345071	-0.426715
0.343552	-0.42762
0.342074	-0.42852
0.340635	-0.429417
0.339236	-0.43031
0.337875	-0.431198
0.336555	-0.432084
0.335274	-0.432964
0.334032	-0.433842
0.332831	-0.434716
0.331668	-0.435586
0.330545	-0.436452
0.329462	-0.437314
0.328418	-0.438173
0.327414	-0.439027
0.326314	-0.439991
0.325209	-0.44098
0.324098	-0.441999
0.322982	-0.443041
0.321861	-0.444109
0.320738	-0.445203
0.319611	-0.446319
0.318485	-0.447459
0.317358	-0.44862
0.316233	-0.449804
0.315108	-0.451007
0.313988	-0.45223
0.31287	-0.453473
0.311757	-0.454732
0.31065	-0.456011
0.309549	-0.457305
0.308455	-0.458616
0.307371	-0.459942
0.306297	-0.461283
0.305232	-0.462638
0.304179	-0.464004
0.303138	-0.465384
0.302112	-0.466774
0.301098	-0.468175
0.3001	-0.469587
0.299119	-0.471007
0.298155	-0.472436
0.297208	-0.473873
0.296281	-0.475316
0.295376	-0.476764
0.294489	-0.478218
0.293625	-0.479676
0.292785	-0.481139
0.291968	-0.482604
0.291176	-0.484071
0.290409	-0.485541
0.28967	-0.487009
0.288959	-0.48848
0.288276	-0.489948
0.287622	-0.491415
0.287	-0.492879
0.286409	-0.49434
0.285851	-0.495798
0.285326	-0.49725
0.284835	-0.498698
0.284381	-0.500139
0.283962	-0.501571
0.283581	-0.502998
0.283239	-0.504416
0.28335	-0.506857
0.283461	-0.509298
0.283572	-0.51174
0.283683	-0.514182
0.283794	-0.516622
0.283905	-0.519065
0.284016	-0.521506
0.284127	-0.523949
0.284238	-0.526389
0.284349	-0.528831
0.28446	-0.531273
0.284571	-0.533713
0.284681	-0.536156
0.284791	-0.538598
0.284903	-0.541038
0.285014	-0.54348
0.285125	-0.545922
0.285235	-0.548362
0.285347	-0.550805
0.285458	-0.553246
0.285569	-0.555689
0.28568	-0.558129
0.285791	-0.560571
0.285901	-0.563013
0.286013	-0.565454
0.286123	-0.567895
0.286235	-0.570337
0.286346	-0.572778
0.286457	-0.57522
0.286567	-0.577662
0.286679	-0.580104
0.28679	-0.582545
0.286901	-0.584986
0.287012	-0.587429
0.287123	-0.589869
0.287233	-0.592311
0.287343	-0.594753
0.287454	-0.597194
0.287565	-0.599635
0.287676	-0.602078
0.287787	-0.604518
0.287898	-0.60696
0.288009	-0.609402
0.28812	-0.611844
0.288231	-0.614285
0.288342	-0.616726
0.288453	-0.619169
0.288564	-0.621609
0.288675	-0.624051
0.286887	-0.619943
0.285137	-0.615897
0.283422	-0.611913
0.281745	-0.607992
0.280106	-0.604135
0.2785	-0.60034
0.276935	-0.596607
0.275404	-0.592938
0.273911	-0.589332
0.272454	-0.585788
0.271035	-0.582306
0.269652	-0.578887
0.268305	-0.575532
0.266995	-0.57224
0.265724	-0.569009
0.264487	-0.565842
0.263289	-0.562737
0.262126	-0.559695
0.261001	-0.556716
0.259912	-0.5538
0.258861	-0.550945
0.257846	-0.548154
0.256868	-0.545427
0.255925	-0.542762
0.255021	-0.540159
0.254153	-0.537618
0.253321	-0.535141
0.252526	-0.532726
0.251769	-0.530376
0.251049	-0.528087
0.250365	-0.525861
0.249717	-0.523697
0.249107	-0.521597
0.248534	-0.519558
0.247997	-0.517584
0.247497	-0.515672
0.247034	-0.513822
0.246606	-0.512034
0.246216	-0.510311
0.245864	-0.508648
0.245547	-0.507051
0.245268	-0.505515
0.245025	-0.504042
0.244819	-0.502632
0.24465	-0.501283
0.244518	-0.499999
0.244424	-0.498777
0.244365	-0.497618
0.244343	-0.496521
0.244356	-0.493446
0.244419	-0.490446
0.244528	-0.487521
0.244686	-0.484668
0.244888	-0.481887
0.245135	-0.479173
0.245426	-0.476527
0.245757	-0.473947
0.246132	-0.47143
0.246546	-0.468974
0.247001	-0.466577
0.247493	-0.464238
0.248024	-0.461955
0.248589	-0.459726
0.249192	-0.457548
0.249828	-0.455421
0.250497	-0.453342
0.251199	-0.451311
0.251933	-0.449322
0.252698	-0.447378
0.25349	-0.445474
0.254312	-0.443608
0.255161	-0.441781
0.256035	-0.439989
0.256937	-0.438229
0.25786	-0.436501
0.258808	-0.434804
0.259779	-0.433134
0.260771	-0.43149
0.261783	-0.42987
0.262814	-0.428271
0.263864	-0.426695
0.26493	-0.425134
0.266013	-0.423593
0.267111	-0.422065
0.268223	-0.42055
0.269349	-0.419047
0.270486	-0.417552
0.271635	-0.416065
0.272794	-0.414583
0.273961	-0.413106
0.275138	-0.41163
0.276321	-0.410152
0.27751	-0.408675
0.278705	-0.407193
0.279903	-0.405705
0.281104	-0.404208
0.282309	-0.402703
0.283514	-0.401187
0.284385	-0.400096
0.285286	-0.398988
0.286221	-0.39786
0.287187	-0.396715
0.288184	-0.395552
0.289212	-0.394368
0.290272	-0.393168
0.291365	-0.391949
0.292488	-0.390711
0.293643	-0.389456
0.29483	-0.38818
0.296048	-0.386888
0.297297	-0.385576
0.298579	-0.384247
0.299892	-0.382899
0.301236	-0.381532
0.302612	-0.380148
0.304018	-0.378746
0.305458	-0.377324
0.306928	-0.375884
0.308431	-0.374426
0.309964	-0.372949
0.311531	-0.371454
0.313126	-0.369941
0.314755	-0.368409
0.316414	-0.366858
0.318107	-0.36529
0.31983	-0.363703
0.321584	-0.362097
0.32337	-0.360474
0.325188	-0.358831
0.327037	-0.357171
0.328919	-0.355492
0.330831	-0.353795
0.332775	-0.352079
0.334751	-0.350345
0.336758	-0.348592
0.338796	-0.346821
0.340866	-0.345031
0.342967	-0.343224
0.3451	-0.341398
0.347265	-0.339553
0.349463	-0.337691
0.35169	-0.335809
0.353949	-0.333909
0.356241	-0.331992
0.358563	-0.330056
0.360916	-0.328101
0.363303	-0.326127
0.357274	-0.326147
0.351341	-0.326095
0.345498	-0.325979
0.339746	-0.325794
0.334079	-0.325548
0.328494	-0.32524
0.322989	-0.324875
0.317561	-0.32445
0.312205	-0.323973
0.306921	-0.323443
0.301702	-0.322863
0.296548	-0.322234
0.291456	-0.321559
0.286421	-0.320843
0.281439	-0.320082
0.27651	-0.319284
0.271629	-0.318447
0.266794	-0.317577
0.262	-0.316673
0.257247	-0.315738
0.252528	-0.314774
0.247842	-0.313785
0.243186	-0.312771
0.238557	-0.311735
0.233952	-0.310678
0.229366	-0.309606
0.224797	-0.308515
0.220243	-0.307413
0.2157	-0.3063
0.211164	-0.305176
0.206634	-0.304047
0.202105	-0.302913
0.197576	-0.301776
0.19304	-0.300639
0.188497	-0.299504
0.183944	-0.298371
0.179376	-0.297246
0.174792	-0.296129
0.170187	-0.295021
0.165559	-0.293926
0.160905	-0.292848
0.156221	-0.291785
0.151504	-0.290742
0.146752	-0.289719
0.141961	-0.28872
0.137127	-0.287748
0.132249	-0.286802
0.127323	-0.285887
0.122345	-0.285003
0.118312	-0.284037
0.114303	-0.283068
0.110315	-0.282099
0.106348	-0.28113
0.1024	-0.280161
0.0984695	-0.279192
0.0945552	-0.278224
0.0906557	-0.277259
0.0867694	-0.276296
0.0828951	-0.275332
0.0790312	-0.274374
0.0751764	-0.27342
0.0713291	-0.272467
0.067488	-0.271521
0.0636516	-0.270579
0.0598187	-0.269641
0.0559874	-0.268711
0.0521566	-0.267786
0.0483249	-0.266868
0.0444907	-0.265957
0.0406527	-0.265053
0.0368096	-0.264159
0.0329595	-0.263273
0.0291013	-0.262395
0.0252337	-0.261526
0.0213551	-0.260668
0.0174639	-0.259823
0.013559	-0.258985
0.00963876	-0.258161
0.0057018	-0.257348
0.0017467	-0.256548
-0.00222797	-0.255761
-0.00622365	-0.254987
-0.0102418	-0.254226
-0.0142837	-0.25348
-0.018351	-0.252749
-0.022445	-0.252033
-0.0265671	-0.251333
-0.0307188	-0.250648
-0.0349015	-0.249981
-0.0391169	-0.249332
-0.0433659	-0.248698
-0.0476502	-0.248084
-0.0519714	-0.247488
-0.0563306	-0.246912
-0.0607295	-0.246354
-0.0651693	-0.245817
-0.0696516	-0.245301
-0.0741779	-0.244804
-0.0833328	-0.245301
-0.0924644	-0.245952
-0.101572	-0.246744
-0.110656	-0.247665
-0.119715	-0.248704
-0.128749	-0.249848
-0.137757	-0.251082
-0.146739	-0.252397
-0.155694	-0.253779
-0.164624	-0.255216
-0.173523	-0.256696
-0.182395	-0.258206
-0.19124	-0.259733
-0.200055	-0.261264
-0.20884	-0.262788
-0.217596	-0.264292
-0.22632	-0.265765
-0.235014	-0.267194
-0.243675	-0.268564
-0.252306	-0.269867
-0.260903	-0.271086
-0.269467	-0.272211
-0.277998	-0.27323
-0.286496	-0.27413
-0.294959	-0.274898
-0.303385	-0.275522
-0.311778	-0.275988
-0.320133	-0.276286
-0.328454	-0.276405
-0.336736	-0.276328
-0.344982	-0.276046
-0.353189	-0.275545
-0.361357	-0.274814
-0.369487	-0.273838
-0.377579	-0.272607
-0.385629	-0.271107
-0.393641	-0.269328
-0.40161	-0.267253
-0.409537	-0.264876
-0.417424	-0.262179
-0.42527	-0.259152
-0.433071	-0.255783
-0.440829	-0.252057
-0.448543	-0.247965
-0.456213	-0.243492
-0.463839	-0.238627
-0.471418	-0.233358
-0.478953	-0.22767
-0.486441	-0.221553
-0.489067	-0.219315
-0.491723	-0.217039
-0.4944	-0.214724
-0.497101	-0.212372
-0.499822	-0.209982
-0.50256	-0.207556
-0.505312	-0.205096
-0.508077	-0.2026
-0.510852	-0.200072
-0.513633	-0.197511
-0.51642	-0.194916
-0.51921	-0.192291
-0.521999	-0.189635
-0.524785	-0.186949
-0.527567	-0.184234
-0.530342	-0.181491
-0.533106	-0.178721
-0.535857	-0.175923
-0.538595	-0.173098
-0.541314	-0.17025
-0.544013	-0.167376
-0.54669	-0.16448
-0.549343	-0.161559
-0.551968	-0.158618
-0.554563	-0.155654
-0.557127	-0.15267
-0.559656	-0.149666
-0.562148	-0.146643
-0.5646	-0.143602
-0.567009	-0.140543
-0.569375	-0.137468
-0.571692	-0.134376
-0.573962	-0.131269
-0.576178	-0.128148
-0.57834	-0.125013
-0.580446	-0.121865
-0.582492	-0.118706
-0.584475	-0.115534
-0.586395	-0.112353
-0.588249	-0.109161
-0.590032	-0.10596
-0.591744	-0.102752
-0.593382	-0.0995351
-0.594942	-0.0963119
-0.596424	-0.0930828
-0.597825	-0.0898485
-0.59914	-0.0866098
-0.600371	-0.0833676
-0.601511	-0.0801224
-0.603036	-0.0755221
-0.604512	-0.0709153
-0.605943	-0.0663027
-0.607328	-0.0616857
-0.60867	-0.0570651
-0.60997	-0.052442
-0.611231	-0.0478176
-0.612455	-0.043193
-0.61364	-0.0385691
-0.614791	-0.0339471
-0.615911	-0.0293281
-0.617	-0.0247132
-0.618057	-0.0201033
-0.619088	-0.0154997
-0.620093	-0.0109033
-0.621074	-0.0063153
-0.622032	-0.00173668
-0.622968	0.00283143
-0.623887	0.00738798
-0.624787	0.0119319
-0.625673	0.016462
-0.626544	0.0209773
-0.627404	0.0254769
-0.628252	0.0299593
-0.629093	0.0344238
-0.629925	0.0388692
-0.630753	0.0432944
-0.631576	0.0476984
-0.632398	0.0520798
-0.63322	0.0564381
-0.634046	0.0607717
-0.634872	0.0650799
-0.635705	0.0693612
-0.636543	0.0736151
-0.63739	0.07784
-0.638248	0.082035
-0.639118	0.086199
-0.640002	0.090331
-0.6409	0.0944301
-0.641817	0.0984948
-0.642752	0.102524
-0.643707	0.106517
-0.644685	0.110473
-0.645687	0.11439
-0.646714	0.118268
-0.647769	0.122105
-0.648853	0.125901
-0.649969	0.129653
-0.651117	0.133362
-0.652227	0.136893
-0.653343	0.140475
-0.654465	0.144105
-0.655593	0.147781
-0.656727	0.1515
-0.657868	0.155262
-0.659018	0.159061
-0.660174	0.162897
-0.661338	0.166767
-0.662509	0.17067
-0.663689	0.1746
-0.664878	0.178559
-0.666075	0.182541
-0.667281	0.186546
-0.668497	0.19057
-0.669723	0.194613
-0.670959	0.198669
-0.672206	0.202738
-0.673463	0.206819
-0.67473	0.210906
-0.676009	0.214999
-0.6773	0.219094
-0.678603	0.223193
-0.679917	0.227287
-0.681245	0.231378
-0.682584	0.235463
-0.683937	0.239538
-0.685302	0.243603
-0.686682	0.247654
-0.688075	0.25169
-0.689484	0.255707
-0.690906	0.259701
-0.692343	0.263674
-0.693795	0.267621
-0.695262	0.27154
-0.696746	0.27543
-0.698245	0.279286
-0.699761	0.283108
-0.701292	0.286891
-0.702842	0.290636
-0.704407	0.294338
-0.70599	0.297996
-0.707591	0.301606
-0.70921	0.305167
-0.710847	0.308676
-0.712504	0.312132
-0.714179	0.315531
-0.715873	0.31887
-0.717587	0.322149
-0.717906	0.322744
-0.718241	0.323352
-0.718589	0.323972
-0.718951	0.324605
-0.719328	0.325249
-0.719719	0.325906
-0.720124	0.326576
-0.720544	0.327258
-0.720978	0.327952
-0.721425	0.328659
-0.721888	0.329379
-0.722364	0.33011
-0.722855	0.330853
-0.72336	0.331611
-0.723879	0.332379
-0.724413	0.33316
-0.724961	0.333954
-0.725522	0.334761
-0.726098	0.335579
-0.726688	0.33641
-0.727293	0.337254
-0.727911	0.338109
-0.728544	0.338977
-0.729192	0.339858
-0.729853	0.340751
-0.730528	0.341657
-0.731218	0.342575
-0.731924	0.343504
-0.732642	0.344446
-0.733374	0.345402
-0.734121	0.346369
-0.734883	0.347349
-0.735658	0.34834
-0.736447	0.349345
-0.737252	0.350363
-0.738069	0.351391
-0.738901	0.352434
-0.739749	0.353488
-0.740609	0.354555
-0.741484	0.355633
-0.742374	0.356726
-0.743277	0.357829
-0.744195	0.358946
-0.745127	0.360075
-0.746073	0.361215
-0.747033	0.362368
-0.748008	0.363536
-0.748997	0.364713
-0.75	0.365904
-0.749877	0.368091
-0.749754	0.370279
-0.749631	0.372467
-0.749508	0.374653
-0.749385	0.376842
-0.749262	0.379029
-0.749139	0.381217
-0.749016	0.383405
-0.748893	0.385591
-0.74877	0.38778
-0.748647	0.389967
-0.748524	0.392154
-0.748401	0.394342
-0.748278	0.396529
-0.748155	0.398718
-0.748032	0.400905
-0.747909	0.403092
-0.747786	0.405281
-0.747663	0.407468
-0.74754	0.409654
-0.747417	0.411843
-0.747294	0.41403
-0.747171	0.416217
-0.747048	0.418405
-0.746926	0.420593
-0.746803	0.422781
-0.74668	0.424968
-0.746557	0.427155
-0.746435	0.429343
-0.746312	0.431531
-0.746188	0.433717
-0.746066	0.435906
-0.745942	0.438093
-0.74582	0.44028
-0.745696	0.442468
-0.745574	0.444655
-0.745451	0.446844
-0.745328	0.449031
-0.745205	0.451218
-0.745082	0.453407
-0.744958	0.455594
-0.744835	0.45778
-0.744712	0.459969
-0.74459	0.462156
-0.744467	0.464344
-0.744343	0.466531
-0.74422	0.468719
-0.744097	0.470907
-0.743974	0.473094
-0.742652	0.47155
-0.741327	0.470008
-0.740004	0.468465
-0.738679	0.466921
-0.737356	0.465378
-0.736034	0.463836
-0.734709	0.462292
-0.733386	0.460749
-0.732062	0.459207
-0.730738	0.457664
-0.729415	0.45612
-0.728091	0.454577
-0.726768	0.453035
-0.725443	0.451491
-0.72412	0.449947
-0.722796	0.448406
-0.721473	0.446862
-0.72015	0.445319
-0.718826	0.443775
-0.717503	0.442233
-0.716178	0.44069
-0.714855	0.439146
-0.713532	0.437604
-0.712207	0.43606
-0.710884	0.434517
-0.70956	0.432974
-0.708237	0.431432
-0.706914	0.429888
-0.705589	0.428345
-0.704267	0.426802
-0.702942	0.425259
-0.701619	0.423715
-0.700296	0.422172
-0.698971	0.42063
-0.697649	0.419087
-0.696324	0.417543
-0.695001	0.416001
-0.693677	0.414458
-0.692354	0.412914
-0.69103	0.411371
-0.689706	0.409828
-0.688383	0.408285
-0.687059	0.406741
-0.685735	0.4052
-0.684412	0.403656
-0.683088	0.402112
-0.681765	0.400569
-0.680441	0.399027
-0.679118	0.397483
-0.679392	0.395575
-0.679654	0.393693
-0.679905	0.391833
-0.680145	0.389997
-0.680374	0.388184
-0.680592	0.386396
-0.680799	0.38463
-0.680994	0.38289
-0.681177	0.381172
-0.68135	0.379479
-0.681512	0.377808
-0.681661	0.376163
-0.6818	0.374541
-0.681927	0.372942
-0.682044	0.371367
-0.682149	0.369816
-0.682242	0.368289
-0.682325	0.366786
-0.682395	0.365306
-0.682455	0.363851
-0.682504	0.362418
-0.682542	0.361009
-0.682567	0.359625
-0.682582	0.358264
-0.682585	0.356926
-0.682578	0.355614
-0.682559	0.354324
-0.682528	0.353058
-0.682488	0.351816
-0.682434	0.350598
-0.682371	0.349404
-0.682296	0.348233
-0.682209	0.347087
-0.682111	0.345963
-0.682002	0.344863
-0.681882	0.343788
-0.68175	0.342735
-0.681608	0.341707
-0.681453	0.340703
-0.681288	0.339723
-0.681111	0.338766
-0.680922	0.337833
-0.680724	0.336924
-0.680512	0.336037
-0.680291	0.335176
-0.680058	0.334338
-0.679813	0.333523
-0.679559	0.332733
-0.679292	0.331966
-0.678204	0.328983
-0.67706	0.325893
-0.675858	0.322696
-0.674602	0.319401
-0.673296	0.316009
-0.671941	0.312524
-0.67054	0.308951
-0.669094	0.305291
-0.667608	0.301551
-0.666082	0.297733
-0.664519	0.293841
-0.662922	0.28988
-0.661292	0.285853
-0.659633	0.281763
-0.657946	0.277616
-0.656235	0.273414
-0.654501	0.269161
-0.652748	0.264863
-0.650975	0.26052
-0.649188	0.256138
-0.647388	0.251721
-0.645576	0.247272
-0.643757	0.242796
-0.641933	0.238296
-0.640104	0.233776
-0.638274	0.22924
-0.636445	0.224693
-0.634621	0.220135
-0.632803	0.215574
-0.630993	0.211011
-0.629194	0.206451
-0.627408	0.201898
-0.625638	0.197356
-0.623884	0.192829
-0.622154	0.188321
-0.620444	0.183833
-0.618761	0.179372
-0.617103	0.17494
-0.615477	0.170543
-0.613882	0.166182
-0.612322	0.161863
-0.6108	0.157588
-0.609318	0.153365
-0.607876	0.149191
-0.60648	0.145076
-0.605129	0.14102
-0.603828	0.137029
-0.602577	0.133106
-0.601382	0.129255
-0.600837	0.127464
-0.600287	0.125622
-0.59973	0.123729
-0.599166	0.121786
-0.598598	0.119794
-0.598021	0.11775
-0.59744	0.115656
-0.596851	0.113512
-0.596256	0.111318
-0.595656	0.109073
-0.595049	0.106778
-0.594435	0.104433
-0.593815	0.102037
-0.59319	0.0995907
-0.592557	0.0970942
-0.591918	0.0945474
-0.591275	0.0919503
-0.590623	0.0893026
-0.589965	0.0866049
-0.589302	0.0838566
-0.588631	0.0810581
-0.587956	0.0782091
-0.587274	0.0753099
-0.586585	0.0723603
-0.58589	0.0693603
-0.585189	0.0663101
-0.584481	0.0632094
-0.583767	0.0600584
-0.583047	0.056857
-0.582321	0.0536054
-0.581589	0.0503033
-0.58085	0.0469509
-0.580104	0.0435482
-0.579352	0.040095
-0.578595	0.0365916
-0.577831	0.0330378
-0.57706	0.0294338
-0.576285	0.0257792
-0.575502	0.0220744
-0.574713	0.0183192
-0.573918	0.0145137
-0.573115	0.0106578
-0.572307	0.00675165
-0.571494	0.00279509
-0.570673	-0.00121182
-0.569847	-0.00526906
-0.569013	-0.00937666
-0.568175	-0.0135346
-0.567329	-0.0177429
-0.566781	-0.0175824
-0.566235	-0.0174219
-0.565688	-0.0172612
-0.56514	-0.0171007
-0.564592	-0.0169403
-0.564047	-0.0167797
-0.563499	-0.0166191
-0.562952	-0.0164586
-0.562404	-0.0162981
-0.561858	-0.0161376
-0.561311	-0.0159771
-0.560763	-0.0158164
-0.560215	-0.015656
-0.559669	-0.0154955
-0.559122	-0.0153349
-0.558574	-0.0151743
-0.558029	-0.0150138
-0.557481	-0.0148533
-0.556933	-0.0146928
-0.556386	-0.0145322
-0.55584	-0.0143717
-0.555292	-0.0142112
-0.554745	-0.0140506
-0.554198	-0.0138901
-0.553651	-0.0137296
-0.553104	-0.013569
-0.552557	-0.0134085
-0.552009	-0.013248
-0.551463	-0.0130874
-0.550916	-0.0129269
-0.550368	-0.0127663
-0.549821	-0.0126058
-0.549274	-0.0124453
-0.548727	-0.0122848
-0.548179	-0.0121242
-0.547633	-0.0119637
-0.547086	-0.0118032
-0.546539	-0.0116426
-0.545991	-0.0114821
-0.545445	-0.0113215
-0.544898	-0.011161
-0.54435	-0.0110005
-0.543802	-0.0108399
-0.543257	-0.0106794
-0.542709	-0.0105189
-0.542161	-0.0103584
-0.541614	-0.0101978
-0.541068	-0.0100373
-0.54052	-0.00987675
-0.540762	-0.00537138
-0.540883	-0.000905649
-0.540894	0.00352179
-0.540797	0.00791223
-0.540598	0.012267
-0.540303	0.0165875
-0.539919	0.0208748
-0.539448	0.0251304
-0.538899	0.0293557
-0.538275	0.0335519
-0.537582	0.0377202
-0.536828	0.0418622
-0.536015	0.0459791
-0.53515	0.050072
-0.53424	0.0541425
-0.533289	0.0581918
-0.532302	0.0622212
-0.531286	0.0662321
-0.530246	0.0702258
-0.529187	0.0742035
-0.528114	0.0781667
-0.527034	0.0821165
-0.525952	0.0860544
-0.524874	0.0899817
-0.523805	0.0938995
-0.52275	0.0978094
-0.521715	0.101713
-0.520705	0.10561
-0.519728	0.109504
-0.518786	0.113395
-0.517887	0.117285
-0.517035	0.121174
-0.516237	0.125065
-0.515497	0.128958
-0.514821	0.132855
-0.514216	0.136757
-0.513686	0.140666
-0.513237	0.144583
-0.512874	0.148508
-0.512603	0.152444
-0.51243	0.156392
-0.51236	0.160353
-0.512397	0.164328
-0.51255	0.168318
-0.512822	0.172326
-0.513219	0.176353
-0.513745	0.180399
-0.51441	0.184466
-0.515215	0.188555
-0.51551	0.189839
-0.515847	0.191157
-0.51623	0.19251
-0.516657	0.193896
-0.517128	0.195318
-0.517644	0.196774
-0.518204	0.198265
-0.518808	0.19979
-0.519457	0.201349
-0.52015	0.202944
-0.520887	0.204572
-0.52167	0.206235
-0.522497	0.207933
-0.523367	0.209664
-0.524283	0.211431
-0.525242	0.213232
-0.526247	0.215067
-0.527295	0.216938
-0.528387	0.218841
-0.529524	0.220781
-0.530706	0.222753
-0.531932	0.224762
-0.533202	0.226803
-0.534517	0.22888
-0.535876	0.230991
-0.53728	0.233136
-0.538728	0.235317
-0.54022	0.237531
-0.541758	0.239781
-0.543339	0.242064
-0.544963	0.244382
-0.546635	0.246735
-0.548349	0.249121
-0.550107	0.251543
-0.55191	0.253998
-0.553758	0.25649
-0.55565	0.259014
-0.557586	0.261573
-0.559567	0.264166
-0.561592	0.266794
-0.563663	0.269458
-0.565776	0.272155
-0.567935	0.274887
-0.570137	0.277653
-0.572385	0.280454
-0.574676	0.283288
-0.577012	0.286158
-0.579392	0.289062
-0.581817	0.292
-0.582316	0.297511
-0.582816	0.303021
-0.583315	0.308532
-0.583815	0.314041
-0.584313	0.319553
-0.584813	0.325062
-0.585312	0.330573
-0.585812	0.336083
-0.586311	0.341593
-0.586811	0.347104
-0.58731	0.352614
-0.58781	0.358125
-0.588307	0.363634
-0.588807	0.369146
-0.589307	0.374655
-0.589806	0.380166
-0.590306	0.385675
-0.590805	0.391186
-0.591305	0.396696
-0.591804	0.402207
-0.592302	0.407718
-0.592801	0.413227
-0.593301	0.418739
-0.593801	0.424248
-0.5943	0.429759
-0.5948	0.435269
-0.595299	0.440779
-0.595799	0.446289
-0.596297	0.4518
-0.596796	0.457311
-0.597295	0.462821
-0.597795	0.468332
-0.598295	0.473841
-0.598794	0.479352
-0.599294	0.484862
-0.599793	0.490372
-0.600291	0.495882
-0.600791	0.501393
-0.60129	0.506903
-0.601789	0.512413
-0.602289	0.517925
-0.602789	0.523434
-0.603288	0.528945
-0.603788	0.534454
-0.604286	0.539965
-0.604785	0.545475
-0.605285	0.550986
-0.605784	0.556496
-0.606283	0.562006
-0.605889	0.563331
-0.605496	0.564657
-0.605101	0.565982
-0.604707	0.567306
-0.604314	0.568632
-0.603919	0.569956
-0.603525	0.571281
-0.603132	0.572607
-0.602737	0.573932
-0.602343	0.575256
-0.60195	0.576582
-0.601555	0.577906
-0.601163	0.579231
-0.600768	0.580557
-0.600374	0.581882
-0.599981	0.583206
-0.599586	0.584532
-0.599191	0.585857
-0.598799	0.587181
-0.598404	0.588507
-0.598009	0.589831
-0.597616	0.591156
-0.597222	0.592482
-0.596827	0.593806
-0.596434	0.595131
-0.59604	0.596456
-0.595645	0.597781
-0.595252	0.599106
-0.594858	0.60043
-0.594464	0.601757
-0.59407	0.603081
-0.593676	0.604405
-0.593282	0.605731
-0.592889	0.607056
-0.592494	0.60838
-0.5921	0.609707
-0.591707	0.611031
-0.591312	0.612356
-0.590919	0.613681
-0.590525	0.615006
-0.59013	0.616331
-0.589737	0.617657
-0.589342	0.618981
-0.588948	0.620305
-0.588555	0.621632
-0.58816	0.622956
-0.587766	0.624281
-0.587373	0.625607
-0.586978	0.626931
-0.584831	0.626933
-0.582682	0.626934
-0.580534	0.626936
-0.578387	0.626937
-0.576238	0.626939
-0.57409	0.62694
-0.571943	0.626942
-0.569794	0.626943
-0.567647	0.626945
-0.565498	0.626946
-0.56335	0.626947
-0.561203	0.626949
-0.559055	0.62695
-0.556906	0.626952
-0.554758	0.626953
-0.552611	0.626955
-0.550462	0.626956
-0.548315	0.626958
-0.546166	0.62696
-0.544018	0.626961
-0.54187	0.626962
-0.539722	0.626964
-0.537575	0.626965
-0.535427	0.626967
-0.533278	0.626969
-0.53113	0.62697
-0.528983	0.626972
-0.526834	0.626973
-0.524687	0.626974
-0.522539	0.626976
-0.52039	0.626977
-0.518242	0.626979
-0.516095	0.62698
-0.513947	0.626982
-0.511798	0.626984
-0.509651	0.626985
-0.507502	0.626987
-0.505355	0.626988
-0.503207	0.626989
-0.501058	0.626991
-0.49891	0.626993
-0.496762	0.626994
-0.494615	0.626996
-0.492467	0.626997
-0.490318	0.626999
-0.48817	0.627
-0.486023	0.627001
-0.483874	0.627003
-0.481727	0.627004
-0.482987	0.625534
-0.484246	0.624066
-0.485508	0.622596
-0.486768	0.621126
-0.488028	0.619656
-0.489288	0.618188
-0.49055	0.616718
-0.49181	0.615247
-0.493069	0.613778
-0.494329	0.612309
-0.495591	0.610839
-0.496851	0.609369
-0.498111	0.607899
-0.499371	0.60643
-0.500633	0.604961
-0.501892	0.60349
-0.503153	0.602022
-0.504412	0.600552
-0.505674	0.599082
-0.506934	0.597612
-0.508194	0.596143
-0.509454	0.594673
-0.510715	0.593203
-0.511975	0.591733
-0.513235	0.590265
-0.514495	0.588795
-0.515757	0.587325
-0.517017	0.585855
-0.518277	0.584387
-0.519537	0.582916
-0.520798	0.581446
-0.522058	0.579977
-0.523319	0.578508
-0.524579	0.577038
-0.52584	0.575568
-0.5271	0.574099
-0.52836	0.57263
-0.52962	0.571159
-0.530882	0.569689
-0.532142	0.568221
-0.533401	0.566751
-0.534662	0.565281
-0.535923	0.563811
-0.537183	0.562342
-0.538443	0.560872
-0.539703	0.559403
-0.540964	0.557932
-0.542224	0.556464
-0.543485	0.554994
-0.541974	0.549689
-0.540466	0.544446
-0.538965	0.539267
-0.537465	0.534152
-0.535971	0.5291
-0.53448	0.524112
-0.532994	0.519188
-0.53151	0.514326
-0.530031	0.509529
-0.528556	0.504795
-0.527085	0.500126
-0.525618	0.495519
-0.524155	0.490976
-0.522696	0.486496
-0.521241	0.48208
-0.51979	0.477728
-0.518343	0.473439
-0.5169	0.469214
-0.515462	0.465052
-0.514026	0.460954
-0.512595	0.45692
-0.511167	0.452949
-0.509745	0.449041
-0.508324	0.445197
-0.50691	0.441417
-0.505498	0.4377
-0.504092	0.434047
-0.502687	0.430458
-0.501288	0.426933
-0.499893	0.423469
-0.498501	0.420072
-0.497113	0.416736
-0.49573	0.413465
-0.494351	0.410256
-0.492975	0.407112
-0.491604	0.404031
-0.490236	0.401014
-0.488873	0.39806
-0.487513	0.39517
-0.486157	0.392343
-0.484806	0.38958
-0.483457	0.386881
-0.482113	0.384244
-0.480774	0.381673
-0.479439	0.379164
-0.478107	0.376719
-0.47678	0.374337
-0.475455	0.37202
-0.474135	0.369765
-0.472975	0.367848
-0.471754	0.365905
-0.470472	0.363933
-0.469127	0.361935
-0.467721	0.35991
-0.466252	0.357857
-0.464723	0.355776
-0.463131	0.353668
-0.461477	0.351534
-0.459762	0.349371
-0.457985	0.347181
-0.456145	0.344964
-0.454245	0.34272
-0.452283	0.340449
-0.450258	0.338149
-0.448173	0.335823
-0.446025	0.33347
-0.443816	0.331089
-0.441545	0.328682
-0.43921	0.326245
-0.436816	0.323782
-0.43436	0.321292
-0.431841	0.318775
-0.429261	0.31623
-0.426618	0.313659
-0.423915	0.311059
-0.421149	0.308433
-0.418322	0.305778
-0.415432	0.303098
-0.412482	0.300389
-0.40947	0.297652
-0.406395	0.294889
-0.403258	0.292098
-0.400061	0.289281
-0.396801	0.286435
-0.39348	0.283563
-0.390096	0.280664
-0.386651	0.277735
-0.383144	0.27478
-0.379575	0.2718
-0.375945	0.26879
-0.372254	0.265753
-0.368499	0.26269
-0.364683	0.259599
-0.360806	0.256481
-0.356867	0.253335
-0.352865	0.250161
-0.348803	0.246962
-0.344677	0.243733
-0.344463	0.245409
-0.344249	0.247083
-0.344033	0.248758
-0.343818	0.250434
-0.343604	0.252108
-0.343389	0.253783
-0.343173	0.255459
-0.342958	0.257133
-0.342744	0.258808
-0.342529	0.260484
-0.342315	0.262158
-0.342099	0.263833
-0.341884	0.265508
-0.34167	0.267183
-0.341456	0.268859
-0.34124	0.270532
-0.341025	0.272208
-0.340811	0.273884
-0.340596	0.275558
-0.340382	0.277233
-0.340166	0.278909
-0.339951	0.280583
-0.339736	0.282258
-0.339522	0.283934
-0.339306	0.285608
-0.339091	0.287283
-0.338877	0.288959
-0.338662	0.290633
-0.338446	0.292308
-0.338232	0.293984
-0.338017	0.295658
-0.337803	0.297333
-0.337589	0.299009
-0.337373	0.300682
-0.337158	0.302358
-0.336944	0.304034
-0.336729	0.305707
-0.336513	0.307383
-0.336299	0.309057
-0.336084	0.310733
-0.335869	0.312408
-0.335655	0.314082
-0.335439	0.315758
-0.335224	0.317433
-0.33501	0.319107
-0.334796	0.320782
-0.33458	0.322458
-0.334365	0.324132
-0.334151	0.325808
-0.332464	0.330093
-0.33078	0.33438
-0.329094	0.338666
-0.32741	0.342951
-0.325723	0.347238
-0.324039	0.351523
-0.322353	0.355809
-0.320669	0.360096
-0.318983	0.364382
-0.317298	0.368667
-0.315612	0.372954
-0.313928	0.37724
-0.312242	0.381525
-0.310557	0.385812
-0.308871	0.390097
-0.307187	0.394383
-0.3055	0.39867
-0.303814	0.402956
-0.30213	0.407241
-0.300444	0.411528
-0.298759	0.415813
-0.297073	0.420099
-0.295389	0.424386
-0.293703	0.428671
-0.292018	0.432957
-0.290332	0.437242
-0.288648	0.441529
-0.286962	0.445815
-0.285277	0.4501
-0.283591	0.454387
-0.281907	0.458673
-0.280221	0.462958
-0.278535	0.467246
-0.27685	0.471531
-0.275164	0.475817
-0.27348	0.480104
-0.271794	0.484389
-0.27011	0.488675
-0.268423	0.492962
-0.266739	0.497247
-0.265053	0.501533
-0.263369	0.505819
-0.261682	0.510105
-0.259998	0.51439
-0.258312	0.518678
-0.256628	0.522963
-0.254941	0.527249
-0.253257	0.531535
-0.251571	0.535821
-0.250605	0.537642
-0.249639	0.539462
-0.248673	0.541282
-0.247707	0.543103
-0.246741	0.544923
-0.245775	0.546744
-0.24481	0.548563
-0.243845	0.550385
-0.242878	0.552206
-0.241913	0.554025
-0.240947	0.555846
-0.23998	0.557667
-0.239015	0.559486
-0.238048	0.561308
-0.237083	0.563127
-0.236117	0.564948
-0.23515	0.566769
-0.234185	0.568588
-0.23322	0.57041
-0.232254	0.572231
-0.231288	0.57405
-0.230322	0.575871
-0.229356	0.577692
-0.22839	0.579511
-0.227424	0.581333
-0.226458	0.583152
-0.225492	0.584973
-0.224526	0.586794
-0.22356	0.588614
-0.222594	0.590434
-0.221629	0.592256
-0.220663	0.594075
-0.219698	0.595896
-0.218732	0.597717
-0.217766	0.599537
-0.216799	0.601357
-0.215833	0.603177
-0.214868	0.604998
-0.213902	0.606819
-0.212935	0.608638
-0.211969	0.610459
-0.211003	0.612281
-0.210039	0.6141
-0.209073	0.615921
-0.208107	0.617741
-0.207141	0.619561
-0.206175	0.621382
-0.205209	0.623202
-0.204243	0.625023
-0.201967	0.625032
-0.19969	0.625041
-0.197415	0.62505
-0.195138	0.625059
-0.192862	0.625069
-0.190587	0.625078
-0.18831	0.625088
-0.186034	0.625097
-0.183759	0.625106
-0.181482	0.625115
-0.179206	0.625123
-0.17693	0.625132
-0.174654	0.625142
-0.172378	0.62515
-0.170102	0.625161
-0.167826	0.62517
-0.165549	0.625179
-0.163274	0.625188
-0.160998	0.625197
-0.158721	0.625206
-0.156446	0.625215
-0.15417	0.625224
-0.151893	0.625233
-0.149617	0.625242
-0.147341	0.625252
-0.145065	0.625262
-0.142789	0.625271
-0.140513	0.625279
-0.138237	0.625288
-0.135961	0.625297
-0.133685	0.625306
-0.131409	0.625316
-0.129132	0.625325
-0.126856	0.625333
-0.12458	0.625344
-0.122304	0.625353
-0.120028	0.625362
-0.117752	0.625371
-0.115476	0.62538
-0.1132	0.625389
-0.110924	0.625398
-0.108648	0.625407
-0.106372	0.625416
-0.104096	0.625425
-0.10182	0.625436
-0.0995436	0.625444
-0.0972675	0.625453
-0.0949914	0.625463
-0.0927153	0.625471
-0.0946447	0.623604
-0.096512	0.621741
-0.09832	0.619881
-0.100072	0.618026
-0.101773	0.616173
-0.103424	0.614324
-0.10503	0.612477
-0.106594	0.610632
-0.108119	0.608789
-0.109609	0.606945
-0.111067	0.605105
-0.112496	0.603264
-0.1139	0.601423
-0.115283	0.599583
-0.116647	0.597741
-0.117996	0.595899
-0.119333	0.594055
-0.120662	0.59221
-0.121986	0.590363
-0.123309	0.588513
-0.124633	0.586661
-0.125963	0.584805
-0.127302	0.582945
-0.128652	0.581082
-0.130018	0.579214
-0.131403	0.577341
-0.13281	0.575465
-0.134242	0.57358
-0.135703	0.571692
-0.137197	0.569797
-0.138727	0.567895
-0.140295	0.565986
-0.141906	0.564071
-0.143563	0.562146
-0.145269	0.560214
-0.147028	0.558275
-0.148843	0.556324
-0.150717	0.554365
-0.152653	0.552397
-0.154658	0.550419
-0.156729	0.548431
-0.158876	0.546432
-0.161097	0.544422
-0.163398	0.5424
-0.165783	0.540366
-0.168255	0.53832
-0.170816	0.536261
-0.173469	0.534189
-0.17622	0.532104
-0.176784	0.528941
-0.177397	0.525699
-0.178056	0.522379
-0.17876	0.518987
-0.179503	0.515523
-0.180288	0.511991
-0.18111	0.508393
-0.181967	0.504733
-0.182856	0.501015
-0.183777	0.497239
-0.184726	0.49341
-0.185701	0.489528
-0.1867	0.485599
-0.187722	0.481626
-0.188763	0.477609
-0.189821	0.473553
-0.190893	0.46946
-0.191979	0.465332
-0.193077	0.461173
-0.194181	0.456987
-0.195293	0.452773
-0.196408	0.448539
-0.197524	0.444285
-0.198642	0.440013
-0.199755	0.435727
-0.200864	0.43143
-0.201966	0.427125
-0.203058	0.422814
-0.204139	0.4185
-0.205206	0.414186
-0.206257	0.409875
-0.20729	0.40557
-0.208302	0.401273
-0.209291	0.396988
-0.210255	0.392718
-0.211193	0.388464
-0.2121	0.38423
-0.212976	0.380019
-0.213819	0.375834
-0.214624	0.371676
-0.215392	0.367551
-0.21612	0.36346
-0.216805	0.359406
-0.217445	0.35539
-0.218037	0.351418
-0.21858	0.347493
-0.219071	0.343614
-0.219508	0.339788
-0.21989	0.336015
-0.219256	0.334335
-0.218598	0.332643
-0.217915	0.330939
-0.21721	0.329223
-0.21648	0.327495
-0.215726	0.325755
-0.214947	0.324003
-0.214143	0.322239
-0.213317	0.320463
-0.212466	0.318673
-0.21159	0.316873
-0.21069	0.315061
-0.209766	0.313236
-0.208818	0.3114
-0.207846	0.309551
-0.20685	0.30769
-0.20583	0.305817
-0.204785	0.303932
-0.203715	0.302036
-0.202623	0.300126
-0.201506	0.298204
-0.200364	0.296271
-0.199199	0.294326
-0.198008	0.292368
-0.196794	0.2904
-0.195556	0.288417
-0.194294	0.286423
-0.193007	0.284418
-0.191695	0.2824
-0.19036	0.280371
-0.189001	0.27833
-0.187618	0.276275
-0.186212	0.274209
-0.184779	0.272131
-0.183324	0.270041
-0.181843	0.267939
-0.180339	0.265824
-0.17881	0.263699
-0.177258	0.26156
-0.175681	0.259409
-0.174079	0.257246
-0.172455	0.255072
-0.170805	0.252885
-0.169131	0.250686
-0.167434	0.248475
-0.165713	0.246252
-0.163967	0.244017
-0.162195	0.24177
-0.160401	0.239511
-0.162596	0.238152
-0.164789	0.236793
-0.166983	0.235436
-0.169176	0.234076
-0.171371	0.232718
-0.173564	0.231358
-0.175758	0.230001
-0.177951	0.228642
-0.180145	0.227283
-0.182339	0.225924
-0.184533	0.224567
-0.186726	0.223208
-0.18892	0.221849
-0.191113	0.22049
-0.193308	0.219132
-0.195501	0.217773
-0.197695	0.216414
-0.199888	0.215055
-0.202083	0.213698
-0.204276	0.212338
-0.206471	0.210979
-0.208664	0.209621
-0.210858	0.208263
-0.213051	0.206904
-0.215246	0.205545
-0.217439	0.204186
-0.219633	0.202829
-0.221826	0.201469
-0.224021	0.20011
-0.226214	0.198752
-0.228408	0.197394
-0.230601	0.196035
-0.232795	0.194676
-0.234988	0.193317
-0.237183	0.19196
-0.239376	0.190601
-0.24157	0.189242
-0.243763	0.187883
-0.245958	0.186525
-0.248151	0.185166
-0.250345	0.183807
-0.252538	0.182448
-0.254733	0.18109
-0.256926	0.179731
-0.259121	0.178373
-0.261313	0.177013
-0.263508	0.175656
-0.265701	0.174297
-0.267896	0.172938
-0.267273	0.172374
-0.266649	0.17181
-0.266026	0.171246
-0.265402	0.170682
-0.26478	0.170118
-0.264156	0.169554
-0.263534	0.16899
-0.26291	0.168426
-0.262287	0.167862
-0.261663	0.167298
-0.261041	0.166736
-0.260416	0.166171
-0.259794	0.165608
-0.25917	0.165044
-0.258547	0.16448
-0.257923	0.163915
-0.257301	0.163351
-0.256677	0.162788
-0.256054	0.162223
-0.255431	0.161659
-0.254808	0.161096
-0.254184	0.160531
-0.253561	0.159968
-0.252937	0.159404
-0.252315	0.158839
-0.251691	0.158276
-0.251069	0.157712
-0.250445	0.157147
-0.249822	0.156583
-0.249198	0.156019
-0.248576	0.155456
-0.247951	0.154893
-0.247329	0.154329
-0.246705	0.153765
-0.246083	0.153201
-0.245459	0.152637
-0.244836	0.152073
-0.244212	0.151509
-0.24359	0.150945
-0.242966	0.150381
-0.242343	0.149817
-0.241719	0.149253
-0.241097	0.148689
-0.240473	0.148125
-0.23985	0.147561
-0.239226	0.146997
-0.238603	0.146433
-0.237979	0.145869
-0.237357	0.145305
-0.234862	0.146734
-0.232368	0.148163
-0.229874	0.149592
-0.227379	0.151022
-0.224884	0.15245
-0.22239	0.153879
-0.219896	0.155307
-0.217401	0.156737
-0.214907	0.158164
-0.212412	0.159594
-0.209918	0.161023
-0.207423	0.162451
-0.204928	0.163881
-0.202434	0.165309
-0.199939	0.166738
-0.197445	0.168166
-0.19495	0.169596
-0.192456	0.171024
-0.189962	0.172454
-0.187467	0.173883
-0.184972	0.175311
-0.182478	0.17674
-0.179983	0.178169
-0.177489	0.179598
-0.174996	0.181026
-0.172502	0.182455
-0.170007	0.183885
-0.167513	0.185313
-0.165018	0.186742
-0.162523	0.188171
-0.160029	0.1896
-0.157535	0.191028
-0.15504	0.192458
-0.152546	0.193887
-0.150051	0.195315
-0.147556	0.196744
-0.145062	0.198173
-0.142567	0.199602
-0.140073	0.20103
-0.137578	0.20246
-0.135084	0.203887
-0.132589	0.205317
-0.130095	0.206746
-0.1276	0.208174
-0.125106	0.209604
-0.122611	0.211032
-0.120117	0.212461
-0.117622	0.21389
-0.115128	0.215319
-0.111113	0.216508
-0.107097	0.217697
-0.103082	0.218886
-0.0990665	0.220075
-0.0950511	0.221264
-0.0910356	0.222453
-0.0870203	0.223641
-0.0830049	0.22483
-0.0789895	0.22602
-0.0749741	0.227208
-0.0709587	0.228398
-0.0669433	0.229587
-0.062928	0.230775
-0.0589125	0.231965
-0.0548972	0.233152
-0.0508818	0.234342
-0.0468663	0.235532
-0.0428509	0.23672
-0.0388356	0.237909
-0.0348203	0.239099
-0.0308047	0.240287
-0.0267894	0.241476
-0.0227741	0.242666
-0.0187587	0.243854
-0.0147433	0.245043
-0.0107279	0.246231
-0.00671247	0.247421
-0.00269709	0.24861
0.0013183	0.249798
0.0053337	0.250988
0.00934908	0.252177
0.0133645	0.253365
0.0173799	0.254555
0.0213953	0.255744
0.0254106	0.256932
0.0294261	0.258122
0.0334414	0.259309
0.0374568	0.260499
0.0414721	0.261688
0.0454877	0.262876
0.049503	0.264066
0.0535183	0.265255
0.0575337	0.266443
0.0615492	0.267633
0.0655645	0.268821
0.0695799	0.27001
0.0735953	0.2712
0.0776108	0.272388
0.0816261	0.273577
0.081419	0.277241
0.0812118	0.280903
0.0810046	0.284567
0.0807975	0.288229
0.0805904	0.291892
0.0803832	0.295555
0.080176	0.299218
0.0799689	0.302881
0.0797616	0.306544
0.0795544	0.310207
0.0793473	0.31387
0.0791401	0.317533
0.078933	0.321198
0.0787258	0.324861
0.0785187	0.328524
0.0783116	0.332187
0.0781044	0.33585
0.0778973	0.339513
0.0776901	0.343176
0.0774829	0.346839
0.0772758	0.350502
0.0770686	0.354165
0.0768615	0.357828
0.0766543	0.361491
0.0764471	0.365154
0.0762399	0.368817
0.0760327	0.37248
0.0758256	0.376143
0.0756185	0.379806
0.0754113	0.383469
0.0752041	0.387132
0.074997	0.390795
0.0747898	0.394458
0.0745827	0.398121
0.0743755	0.401784
0.0741684	0.405447
0.0739612	0.409112
0.0737541	0.412775
0.0735469	0.416438
0.0733398	0.4201
0.0731325	0.423764
0.0729253	0.427427
0.0727182	0.43109
0.072511	0.434752
0.0723039	0.438416
0.0720968	0.442079
0.0718896	0.445742
0.0716824	0.449404
0.0714753	0.453068
0.0710897	0.456567
0.0707038	0.460065
0.0703182	0.463565
0.0699326	0.467064
0.0695469	0.470562
0.0691611	0.474062
0.0687754	0.47756
0.0683898	0.481059
0.0680041	0.484559
0.0676183	0.488057
0.0672327	0.491556
0.066847	0.495056
0.0664614	0.498554
0.0660756	0.502053
0.0656899	0.505551
0.0653043	0.50905
0.0649185	0.51255
0.0645329	0.516048
0.0641472	0.519547
0.0637616	0.523047
0.0633758	0.526545
0.0629901	0.530045
0.0626044	0.533544
0.0622188	0.537042
0.061833	0.540542
0.0614473	0.54404
0.0610617	0.547539
0.060676	0.551038
0.0602903	0.554536
0.0599046	0.558036
0.059519	0.561535
0.0591333	0.565033
0.0587475	0.568533
0.0583619	0.572032
0.0579762	0.57553
0.0575904	0.57903
0.0572047	0.582528
0.0568191	0.586028
0.0564334	0.589527
0.0560476	0.593025
0.055662	0.596525
0.0552764	0.600024
0.0548907	0.603522
0.0545049	0.607021
0.0541193	0.610519
0.0537336	0.614019
0.053348	0.617519
0.0529621	0.621017
0.0525765	0.624516
0.054607	0.62451
0.0566376	0.624506
0.0586681	0.624499
0.0606988	0.624495
0.0627294	0.624489
0.0647599	0.624484
0.0667905	0.624478
0.0688211	0.624474
0.0708516	0.624468
0.0728822	0.624463
0.0749129	0.624457
0.0769434	0.624453
0.078974	0.624447
0.0810045	0.624443
0.083035	0.624437
0.0850656	0.624432
0.0870961	0.624426
0.0891269	0.62442
0.0911574	0.624416
0.093188	0.62441
0.0952185	0.624405
0.097249	0.624399
0.0992796	0.624394
0.10131	0.624389
0.103341	0.624384
0.105371	0.624378
0.107402	0.624373
0.109433	0.624367
0.111463	0.624363
0.113494	0.624357
0.115524	0.624353
0.117555	0.624347
0.119585	0.62434
0.121616	0.624336
0.123647	0.62433
0.125677	0.624325
0.127708	0.62432
0.129738	0.624315
0.131769	0.624309
0.133799	0.624305
0.13583	0.624298
0.13786	0.624294
0.139891	0.624288
0.141922	0.624283
0.143952	0.624278
0.145983	0.624273
0.148013	0.624267
0.150043	0.624263
0.152075	0.624256
0.151602	0.622505
0.151128	0.620753
0.150655	0.619002
0.150183	0.61725
0.149709	0.615498
0.149236	0.613746
0.148763	0.611994
0.14829	0.610243
0.147817	0.608491
0.147344	0.606739
0.146871	0.604988
0.146398	0.603236
0.145925	0.601485
0.145452	0.599733
0.144979	0.597981
0.144506	0.596229
0.144033	0.594477
0.14356	0.592726
0.143087	0.590975
0.142614	0.589222
0.14214	0.587471
0.141668	0.585719
0.141194	0.583968
0.140721	0.582216
0.140248	0.580464
0.139775	0.578712
0.139302	0.576962
0.138829	0.57521
0.138356	0.573457
0.137883	0.571705
0.13741	0.569954
0.136937	0.568203
0.136464	0.566451
0.135991	0.564699
0.135518	0.562947
0.135045	0.561195
0.134572	0.559445
0.134099	0.557692
0.133626	0.55594
0.133153	0.554188
0.13268	0.552436
0.132207	0.550686
0.131733	0.548934
0.13126	0.547182
0.130787	0.54543
0.130314	0.543678
0.129841	0.541928
0.129368	0.540176
0.128895	0.538424
0.129827	0.534811
0.130759	0.531201
0.131691	0.527589
0.132623	0.523979
0.133555	0.520367
0.134487	0.516755
0.135419	0.513144
0.136351	0.509532
0.137283	0.50592
0.138214	0.502309
0.139146	0.498698
0.140078	0.495087
0.14101	0.491475
0.141942	0.487863
0.142874	0.484252
0.143806	0.480641
0.144738	0.47703
0.14567	0.473418
0.146602	0.469806
0.147534	0.466195
0.148466	0.462584
0.149397	0.458973
0.15033	0.455361
0.151261	0.451749
0.152193	0.448138
0.153124	0.444526
0.154058	0.440914
0.154989	0.437304
0.15592	0.433692
0.156853	0.430082
0.157785	0.426469
0.158717	0.422857
0.159648	0.419247
0.160581	0.415635
0.161513	0.412025
0.162444	0.408412
0.163377	0.404801
0.164308	0.40119
0.16524	0.397578
0.166171	0.393968
0.167104	0.390355
0.168036	0.386743
0.168967	0.383133
0.169901	0.379521
0.170832	0.375909
0.171764	0.372298
0.172695	0.368687
0.173628	0.365076
0.17456	0.361464
0.175488	0.359994
0.176415	0.358525
0.177343	0.357055
0.17827	0.355587
0.179199	0.354117
0.180126	0.352649
0.181055	0.351179
0.181981	0.34971
0.18291	0.34824
0.183837	0.346772
0.184765	0.345301
0.185693	0.343833
0.186621	0.342363
0.187548	0.340894
0.188477	0.339425
0.189404	0.337956
0.190332	0.336486
0.191259	0.335017
0.192187	0.333547
0.193114	0.332079
0.194043	0.330609
0.19497	0.329141
0.195898	0.32767
0.196825	0.326202
0.197754	0.324732
0.198681	0.323264
0.199609	0.321794
0.200537	0.320325
0.201465	0.318855
0.202392	0.317387
0.203321	0.315916
0.204248	0.314448
0.205176	0.312978
0.206103	0.311509
0.207032	0.310039
0.207959	0.308571
0.208887	0.307101
0.209814	0.305632
0.210742	0.304163
0.211669	0.302694
0.212598	0.301224
0.213525	0.299755
0.214454	0.298285
0.21538	0.296817
0.216309	0.295347
0.217236	0.293879
0.218164	0.292409
0.219091	0.29094
0.22002	0.28947
0.22232	0.288601
0.224621	0.287733
0.22692	0.286863
0.22922	0.285994
0.231521	0.285126
0.23382	0.284257
0.236119	0.283389
0.238421	0.28252
0.24072	0.28165
0.243019	0.280782
0.24532	0.279913
0.24762	0.279045
0.24992	0.278176
0.25222	0.277307
0.25452	0.276438
0.256819	0.275569
0.259121	0.274701
0.26142	0.273832
0.263719	0.272964
0.26602	0.272094
0.26832	0.271226
0.27062	0.270357
0.272921	0.269489
0.27522	0.26862
0.27752	0.26775
0.279819	0.266881
0.28212	0.266013
0.284419	0.265145
0.286719	0.264276
0.28902	0.263406
0.29132	0.262537
0.293619	0.261669
0.29592	0.2608
0.298219	0.259932
0.300519	0.259064
0.30282	0.258194
0.305119	0.257325
0.307419	0.256457
0.30972	0.255588
0.31202	0.254719
0.314319	0.25385
0.31662	0.252981
0.31892	0.252113
0.321219	0.251244
0.32352	0.250376
0.325819	0.249507
0.328119	0.248637
0.33042	0.247769
0.33272	0.2469
0.332713	0.250251
0.332709	0.253601
0.332703	0.256951
0.332699	0.260302
0.332693	0.263652
0.332688	0.267003
0.332682	0.270354
0.332678	0.273705
0.332672	0.277054
0.332667	0.280405
0.332661	0.283757
0.332657	0.287106
0.33265	0.290457
0.332646	0.293808
0.33264	0.297158
0.332636	0.300508
0.33263	0.30386
0.332624	0.307209
0.332619	0.31056
0.332613	0.313911
0.332608	0.317262
0.332602	0.320611
0.332598	0.323962
0.332592	0.327313
0.332588	0.330663
0.332581	0.334014
0.332577	0.337365
0.332571	0.340715
0.332566	0.344066
0.33256	0.347417
0.332556	0.350768
0.33255	0.354117
0.332544	0.357468
0.332539	0.360819
0.332533	0.364169
0.332529	0.367519
0.332523	0.37087
0.332518	0.37422
0.332512	0.377571
0.332508	0.380922
0.332502	0.384271
0.332498	0.387622
0.332491	0.390974
0.332487	0.394324
0.332481	0.397674
0.332476	0.401025
0.332471	0.404376
0.332466	0.407725
0.33246	0.411076
0.333045	0.414044
0.333628	0.417009
0.334213	0.419976
0.334798	0.422942
0.335384	0.425909
0.335967	0.428874
0.336552	0.431841
0.337137	0.434806
0.337721	0.437774
0.338305	0.440739
0.33889	0.443706
0.339475	0.446671
0.340059	0.449638
0.340644	0.452604
0.341229	0.455571
0.341812	0.458537
0.342398	0.461504
0.342982	0.464471
0.343568	0.467436
0.344151	0.470403
0.344736	0.473368
0.345321	0.476335
0.345905	0.479301
0.34649	0.482268
0.347075	0.485234
0.34766	0.488201
0.348243	0.491166
0.348828	0.494133
0.349413	0.497098
0.349997	0.500065
0.350581	0.503031
0.351167	0.505998
0.351751	0.508965
0.352335	0.511931
0.35292	0.514898
0.353505	0.517863
0.354088	0.52083
0.354673	0.523795
0.355258	0.526763
0.355843	0.529728
0.356427	0.532695
0.357012	0.53566
0.357597	0.538628
0.358181	0.541593
0.358766	0.54456
0.359351	0.547525
0.359936	0.550493
0.360519	0.553458
0.361104	0.556425
0.361264	0.557789
0.361424	0.55915
0.361584	0.560514
0.361744	0.561876
0.361904	0.56324
0.362064	0.564601
0.362223	0.565965
0.362383	0.567327
0.362544	0.56869
0.362703	0.570053
0.362864	0.571416
0.363024	0.572778
0.363183	0.574142
0.363343	0.575503
0.363503	0.576867
0.363663	0.578229
0.363823	0.579592
0.363982	0.580955
0.364143	0.582318
0.364304	0.58368
0.364463	0.585044
0.364623	0.586405
0.364783	0.587769
0.364943	0.589131
0.365103	0.590494
0.365262	0.591857
0.365422	0.59322
0.365583	0.594582
0.365742	0.595946
0.365903	0.597307
0.366063	0.598671
0.366222	0.600033
0.366382	0.601397
0.366543	0.602758
0.366702	0.604122
0.366862	0.605484
0.367022	0.606847
0.367182	0.608209
0.367343	0.609573
0.367501	0.610935
0.367662	0.612298
0.367822	0.61366
0.367982	0.615024
0.368142	0.616386
0.368301	0.617749
0.368461	0.619112
0.368622	0.620475
0.368781	0.621837
