0.641859	-0.192161
0.643655	-0.191107
0.645462	-0.190076
0.64728	-0.189064
0.649108	-0.188073
0.650948	-0.187101
0.652794	-0.186144
0.654651	-0.185203
0.656514	-0.18428
0.658386	-0.183368
0.660262	-0.182469
0.662146	-0.181581
0.664037	-0.180705
0.665931	-0.179838
0.66783	-0.178978
0.669732	-0.178128
0.671639	-0.177282
0.673547	-0.176441
0.675456	-0.175605
0.677369	-0.174771
0.67928	-0.173938
0.681192	-0.173106
0.683105	-0.172274
0.685015	-0.17144
0.686925	-0.170602
0.688832	-0.169762
0.690736	-0.168916
0.692637	-0.168065
0.694535	-0.167207
0.696426	-0.166338
0.698313	-0.165462
0.700194	-0.164575
0.702069	-0.163676
0.703936	-0.162765
0.705798	-0.161839
0.707649	-0.160899
0.709492	-0.159942
0.711327	-0.158969
0.713151	-0.157977
0.714963	-0.156966
0.716766	-0.155934
0.718556	-0.154881
0.720334	-0.153806
0.7221	-0.152706
0.723851	-0.151581
0.725588	-0.15043
0.727311	-0.149253
0.729018	-0.148047
0.730708	-0.146812
0.732384	-0.145546
0.732384	-0.145546
0.732714	-0.14526
0.733044	-0.144974
0.733374	-0.144688
0.733704	-0.144403
0.734034	-0.144117
0.734364	-0.143831
0.734694	-0.143545
0.735024	-0.143259
0.735352	-0.142973
0.735683	-0.142687
0.736012	-0.142401
0.736343	-0.142115
0.736673	-0.141829
0.737003	-0.141543
0.737333	-0.141257
0.737662	-0.140971
0.737993	-0.140686
0.738322	-0.1404
0.738653	-0.140114
0.738982	-0.139828
0.739313	-0.139542
0.739642	-0.139256
0.739973	-0.13897
0.740302	-0.138684
0.740631	-0.138398
0.740961	-0.138112
0.741291	-0.137826
0.741621	-0.137541
0.741951	-0.137255
0.742281	-0.136969
0.742611	-0.136683
0.742941	-0.136397
0.743271	-0.136111
0.743601	-0.135825
0.743931	-0.135539
0.744261	-0.135253
0.744591	-0.134967
0.744921	-0.134681
0.745251	-0.134396
0.745581	-0.13411
0.74591	-0.133824
0.74624	-0.133538
0.746569	-0.133252
0.7469	-0.132966
0.747229	-0.13268
0.74756	-0.132394
0.747889	-0.132108
0.74822	-0.131822
0.748549	-0.131536
0.748587	-0.131214
0.748626	-0.130891
0.748664	-0.130568
0.748701	-0.130246
0.74874	-0.129923
0.748777	-0.1296
0.748815	-0.129277
0.748854	-0.128955
0.748892	-0.128632
0.748929	-0.128309
0.748968	-0.127987
0.749005	-0.127664
0.749043	-0.127341
0.749082	-0.127019
0.749119	-0.126696
0.749157	-0.126373
0.749196	-0.12605
0.749233	-0.125728
0.749271	-0.125405
0.74931	-0.125082
0.749347	-0.12476
0.749385	-0.124437
0.749424	-0.124114
0.749462	-0.123792
0.749499	-0.123469
0.749537	-0.123146
0.749576	-0.122823
0.749613	-0.122501
0.74965	-0.122178
0.74969	-0.121855
0.749727	-0.121533
0.749764	-0.12121
0.749804	-0.120887
0.749841	-0.120564
0.749879	-0.120242
0.749918	-0.119919
0.749955	-0.119596
0.749993	-0.119274
0.750032	-0.118951
0.750069	-0.118628
0.750107	-0.118306
0.750146	-0.117983
0.750183	-0.11766
0.75022	-0.117338
0.750259	-0.117015
0.750297	-0.116692
0.750334	-0.116369
0.750374	-0.116047
0.750411	-0.115724
0.749761	-0.115243
0.749111	-0.114775
0.748458	-0.11432
0.747801	-0.113877
0.747144	-0.113447
0.746483	-0.11303
0.745821	-0.112625
0.745155	-0.112233
0.744487	-0.111854
0.743819	-0.111487
0.743147	-0.111133
0.742473	-0.110792
0.741796	-0.110464
0.741117	-0.110148
0.740437	-0.109845
0.739754	-0.109554
0.739068	-0.109276
0.738381	-0.109011
0.737689	-0.108759
0.736998	-0.108519
0.736303	-0.108292
0.735606	-0.108078
0.734907	-0.107876
0.734205	-0.107687
0.733502	-0.107511
0.732796	-0.107347
0.732087	-0.107196
0.731378	-0.107058
0.730664	-0.106932
0.729948	-0.106819
0.729231	-0.106719
0.728511	-0.106631
0.727789	-0.106556
0.727065	-0.106494
0.726339	-0.106445
0.72561	-0.106408
0.724878	-0.106384
0.724144	-0.106372
0.72341	-0.106373
0.722672	-0.106387
0.721931	-0.106414
0.721188	-0.106453
0.720444	-0.106505
0.719695	-0.10657
0.718947	-0.106647
0.718195	-0.106737
0.717441	-0.10684
0.716685	-0.106955
0.715926	-0.107083
0.713802	-0.107501
0.711682	-0.107934
0.709566	-0.108382
0.707456	-0.108844
0.705346	-0.10932
0.703242	-0.109809
0.70114	-0.110311
0.699044	-0.110826
0.696949	-0.111354
0.694859	-0.111893
0.69277	-0.112443
0.690686	-0.113005
0.688604	-0.113577
0.686523	-0.114159
0.684447	-0.11475
0.682373	-0.115352
0.680301	-0.115962
0.678231	-0.11658
0.676164	-0.117207
0.6741	-0.117841
0.672036	-0.118483
0.669975	-0.119131
0.667917	-0.119786
0.665859	-0.120447
0.663803	-0.121113
0.661749	-0.121785
0.659695	-0.122461
0.657644	-0.123142
0.655593	-0.123826
0.653544	-0.124514
0.651495	-0.125206
0.649447	-0.1259
0.6474	-0.126596
0.645354	-0.127294
0.643308	-0.127994
0.641263	-0.128694
0.639217	-0.129395
0.637173	-0.130097
0.635128	-0.130798
0.633084	-0.131499
0.631038	-0.132198
0.628993	-0.132897
0.626947	-0.133593
0.624901	-0.134287
0.622856	-0.134978
0.620808	-0.135667
0.618761	-0.136351
0.616711	-0.137032
0.614663	-0.137709
0.612249	-0.138445
0.609831	-0.139169
0.607406	-0.139882
0.604975	-0.140583
0.602541	-0.141271
0.600101	-0.141947
0.597654	-0.142608
0.595203	-0.143256
0.592747	-0.143888
0.590288	-0.144506
0.587823	-0.145109
0.585356	-0.145695
0.582882	-0.146265
0.580405	-0.146817
0.577924	-0.147353
0.575439	-0.14787
0.572952	-0.148369
0.570461	-0.148849
0.567964	-0.14931
0.565467	-0.149751
0.562967	-0.150171
0.560463	-0.150571
0.557956	-0.15095
0.555447	-0.151307
0.552936	-0.151641
0.550424	-0.151953
0.547908	-0.152241
0.545391	-0.152505
0.542871	-0.152747
0.540351	-0.152963
0.537828	-0.153153
0.535305	-0.153318
0.53278	-0.153457
0.530255	-0.153568
0.527729	-0.153654
0.525203	-0.153713
0.522674	-0.153743
0.520146	-0.153744
0.517618	-0.153716
0.515089	-0.153659
0.512562	-0.153571
0.510033	-0.153454
0.507505	-0.153306
0.504978	-0.153126
0.502452	-0.152915
0.499926	-0.15267
0.497401	-0.152393
0.494878	-0.152082
0.492356	-0.151738
0.491434	-0.1516
0.490513	-0.151458
0.489594	-0.151311
0.488675	-0.15116
0.487755	-0.151003
0.486837	-0.150843
0.485919	-0.150678
0.485003	-0.150508
0.484086	-0.150333
0.483171	-0.150154
0.482258	-0.14997
0.481344	-0.14978
0.480432	-0.149586
0.479521	-0.149387
0.478611	-0.149183
0.477702	-0.148974
0.476795	-0.14876
0.475889	-0.148541
0.474983	-0.148317
0.474079	-0.148088
0.473176	-0.147853
0.472276	-0.147614
0.471376	-0.147369
0.470478	-0.147119
0.469583	-0.146863
0.468687	-0.146602
0.467795	-0.146336
0.466902	-0.146064
0.466012	-0.145787
0.465124	-0.145504
0.46424	-0.145216
0.463355	-0.144922
0.462473	-0.144623
0.461592	-0.144318
0.460715	-0.144007
0.459839	-0.143691
0.458964	-0.143369
0.458093	-0.143041
0.457222	-0.142707
0.456355	-0.142367
0.455492	-0.142022
0.454629	-0.14167
0.453768	-0.141313
0.45291	-0.140949
0.452055	-0.14058
0.451203	-0.140204
0.450352	-0.139823
0.449505	-0.139435
0.448661	-0.139041
0.447612	-0.138505
0.446577	-0.137947
0.445555	-0.137367
0.444547	-0.136765
0.443556	-0.136141
0.442578	-0.135497
0.441615	-0.134832
0.440667	-0.134148
0.439734	-0.133443
0.438817	-0.132719
0.437918	-0.131976
0.437032	-0.131215
0.436164	-0.130435
0.435312	-0.129638
0.434476	-0.128823
0.433659	-0.127991
0.432858	-0.127143
0.432075	-0.126279
0.43131	-0.125399
0.430561	-0.124503
0.429833	-0.123593
0.429121	-0.122668
0.42843	-0.121729
0.427756	-0.120776
0.427103	-0.119809
0.426468	-0.11883
0.425852	-0.117838
0.425258	-0.116834
0.424682	-0.115818
0.424126	-0.114791
0.423593	-0.113753
0.423079	-0.112704
0.422586	-0.111645
0.422115	-0.110577
0.421666	-0.109498
0.421237	-0.108411
0.420832	-0.107316
0.420449	-0.106212
0.420087	-0.1051
0.419748	-0.103981
0.419433	-0.102855
0.419139	-0.101722
0.418871	-0.100583
0.418625	-0.0994383
0.418403	-0.0982882
0.418206	-0.0971329
0.418032	-0.0959732
0.417883	-0.0948092
0.417759	-0.0936412
0.417626	-0.0921
0.417512	-0.0905593
0.417417	-0.0890194
0.417342	-0.08748
0.417287	-0.0859413
0.417247	-0.084403
0.417226	-0.0828655
0.417222	-0.0813287
0.417234	-0.0797922
0.417261	-0.0782565
0.417304	-0.0767212
0.417362	-0.0751866
0.417434	-0.0736525
0.417519	-0.0721191
0.417617	-0.0705861
0.417727	-0.0690537
0.417851	-0.0675217
0.417986	-0.0659904
0.418131	-0.0644597
0.418287	-0.0629293
0.418452	-0.0613997
0.418628	-0.0598704
0.41881	-0.0583416
0.419002	-0.0568134
0.419202	-0.0552856
0.419409	-0.0537583
0.419624	-0.0522315
0.419843	-0.0507053
0.420067	-0.0491793
0.420298	-0.047654
0.420533	-0.0461291
0.420771	-0.0446046
0.421014	-0.0430806
0.421258	-0.0415569
0.421506	-0.0400338
0.421755	-0.038511
0.422006	-0.0369888
0.422256	-0.0354669
0.422507	-0.0339453
0.422759	-0.0324243
0.423007	-0.0309036
0.423257	-0.0293833
0.423503	-0.0278634
0.423747	-0.0263439
0.423988	-0.0248247
0.424225	-0.0233059
0.424459	-0.0217875
0.424687	-0.0202693
0.424911	-0.0187516
0.425106	-0.0171863
0.425322	-0.0156257
0.425557	-0.01407
0.425812	-0.0125191
0.426088	-0.0109731
0.426381	-0.00943186
0.426695	-0.00789537
0.427025	-0.00636357
0.427372	-0.00483644
0.427739	-0.00331395
0.428122	-0.00179607
0.428521	-0.000282762
0.428939	0.00122601
0.42937	0.00273028
0.429817	0.00423009
0.430281	0.00572545
0.43076	0.00721641
0.431252	0.00870301
0.431759	0.0101853
0.432279	0.0116632
0.432812	0.0131369
0.433359	0.0146064
0.433917	0.0160716
0.434488	0.0175327
0.435072	0.0189897
0.435667	0.0204426
0.436274	0.0218914
0.43689	0.0233362
0.437517	0.024777
0.438155	0.0262138
0.438801	0.0276468
0.439456	0.0290757
0.440121	0.0305008
0.440794	0.0319222
0.441476	0.0333398
0.442165	0.0347535
0.442861	0.0361637
0.443565	0.0375701
0.444274	0.0389727
0.444991	0.0403717
0.445713	0.0417673
0.44644	0.0431592
0.447174	0.0445477
0.447912	0.0459327
0.448653	0.0473142
0.4494	0.0486922
0.450149	0.0500669
0.450902	0.0514383
0.451658	0.0528063
0.451986	0.0533118
0.452316	0.0538172
0.452645	0.0543227
0.452975	0.0548281
0.453303	0.0553335
0.453631	0.055839
0.453962	0.0563445
0.45429	0.05685
0.45462	0.0573553
0.454948	0.0578609
0.455277	0.0583663
0.455607	0.0588717
0.455935	0.0593772
0.456265	0.0598827
0.456594	0.060388
0.456924	0.0608935
0.457253	0.0613991
0.457581	0.0619044
0.457911	0.0624099
0.45824	0.0629154
0.45857	0.0634209
0.458898	0.0639263
0.459226	0.0644317
0.459557	0.0649373
0.459885	0.0654426
0.460215	0.0659481
0.460543	0.0664536
0.460872	0.066959
0.461202	0.0674644
0.46153	0.06797
0.461861	0.0684754
0.462189	0.0689808
0.462517	0.0694863
0.462847	0.0699918
0.463176	0.0704972
0.463506	0.0710027
0.463835	0.0715082
0.464165	0.0720135
0.464493	0.072519
0.464821	0.0730245
0.465152	0.0735298
0.46548	0.0740353
0.46581	0.0745408
0.466139	0.0750464
0.466467	0.0755517
0.466797	0.0760572
0.467125	0.0765627
0.467456	0.077068
0.467784	0.0775736
0.468843	0.0796937
0.469872	0.0817881
0.470874	0.0838577
0.471845	0.0859026
0.472788	0.0879237
0.473703	0.0899213
0.474589	0.091896
0.475449	0.0938484
0.47628	0.0957788
0.477084	0.0976879
0.477859	0.0995762
0.47861	0.101444
0.479331	0.103292
0.480027	0.105121
0.480696	0.106932
0.481339	0.108724
0.481958	0.110498
0.482549	0.112255
0.483114	0.113995
0.483655	0.11572
0.48417	0.117429
0.484662	0.119122
0.485127	0.120802
0.485569	0.122467
0.485986	0.124118
0.48638	0.125757
0.48675	0.127383
0.487096	0.128997
0.487419	0.1306
0.487719	0.132192
0.487995	0.133774
0.48825	0.135345
0.488481	0.136908
0.488691	0.138461
0.488878	0.140007
0.489045	0.141544
0.489189	0.143074
0.489312	0.144598
0.489414	0.146116
0.489495	0.147627
0.489555	0.149134
0.489594	0.150636
0.489614	0.152133
0.489614	0.153629
0.489592	0.15512
0.489554	0.156608
0.489493	0.158094
0.489416	0.15958
0.489318	0.161064
0.489291	0.161604
0.489264	0.162145
0.489237	0.162685
0.48921	0.163227
0.489181	0.163767
0.489154	0.164308
0.489128	0.164849
0.4891	0.165388
0.489073	0.16593
0.489047	0.16647
0.489019	0.167011
0.488992	0.167551
0.488964	0.168093
0.488937	0.168633
0.48891	0.169173
0.488883	0.169714
0.488856	0.170255
0.488829	0.170796
0.488802	0.171336
0.488775	0.171878
0.488746	0.172418
0.48872	0.172958
0.488692	0.173499
0.488665	0.174039
0.488639	0.17458
0.488611	0.175121
0.488584	0.175662
0.488558	0.176202
0.488529	0.176742
0.488502	0.177284
0.488475	0.177823
0.488448	0.178365
0.488421	0.178905
0.488394	0.179447
0.488367	0.179986
0.48834	0.180527
0.488312	0.181068
0.488285	0.181608
0.488258	0.182149
0.488231	0.18269
0.488204	0.183231
0.488177	0.183771
0.488149	0.184311
0.488123	0.184853
0.488094	0.185392
0.488067	0.185934
0.48804	0.186474
0.488013	0.187016
0.487986	0.187556
0.487482	0.189918
0.486977	0.192246
0.486465	0.194541
0.485952	0.196802
0.485434	0.19903
0.484914	0.201226
0.484391	0.203392
0.483862	0.205529
0.483331	0.207634
0.482797	0.20971
0.48226	0.211758
0.481719	0.213779
0.481174	0.215772
0.480627	0.21774
0.480076	0.219681
0.479523	0.221598
0.478965	0.223489
0.478404	0.225359
0.477841	0.227205
0.477274	0.229029
0.476704	0.23083
0.47613	0.232611
0.475554	0.234372
0.474975	0.236113
0.474392	0.237837
0.473807	0.239541
0.473217	0.241228
0.472625	0.242899
0.472031	0.244554
0.471432	0.246192
0.470831	0.247816
0.470226	0.249427
0.46962	0.251024
0.469009	0.252609
0.468396	0.254181
0.467781	0.255741
0.467162	0.257292
0.466541	0.258832
0.465915	0.260364
0.465288	0.261887
0.464658	0.263402
0.464025	0.264909
0.463389	0.26641
0.46275	0.267906
0.462108	0.269396
0.461464	0.270882
0.460817	0.272364
0.460167	0.273843
0.459514	0.275319
0.458679	0.27716
0.457842	0.279
0.457005	0.280842
0.456165	0.282684
0.455322	0.284527
0.454477	0.286369
0.45363	0.288212
0.452778	0.290054
0.451922	0.291894
0.451062	0.293735
0.450196	0.295572
0.449328	0.297407
0.448452	0.299241
0.44757	0.301071
0.446684	0.302899
0.445788	0.304723
0.444886	0.306544
0.443978	0.308361
0.443061	0.310175
0.442136	0.311982
0.441201	0.313785
0.440258	0.315584
0.439305	0.317376
0.438342	0.319163
0.437368	0.320941
0.436384	0.322716
0.435388	0.324483
0.434382	0.326242
0.433364	0.327994
0.432333	0.329739
0.431289	0.331476
0.430231	0.333203
0.429162	0.334921
0.428077	0.336632
0.426978	0.338333
0.425865	0.340023
0.424735	0.341705
0.423593	0.343374
0.422432	0.345033
0.421256	0.346681
0.420061	0.34832
0.418851	0.349944
0.417623	0.351558
0.416378	0.353159
0.415113	0.354747
0.413829	0.356322
0.412527	0.357884
0.411206	0.359432
0.409863	0.360966
0.409236	0.361652
0.408603	0.362334
0.407966	0.363015
0.407323	0.363693
0.406675	0.36437
0.406023	0.365042
0.405365	0.36571
0.404702	0.366375
0.404033	0.367035
0.403359	0.367692
0.402681	0.368345
0.401995	0.368991
0.401307	0.369633
0.400611	0.370269
0.39991	0.3709
0.399205	0.371524
0.398493	0.372143
0.397776	0.372754
0.397053	0.373359
0.396325	0.373956
0.395592	0.374545
0.394852	0.375129
0.394107	0.375702
0.393355	0.376269
0.392598	0.376826
0.391836	0.377375
0.391067	0.377913
0.390293	0.378443
0.389511	0.378963
0.388725	0.379472
0.387933	0.379971
0.387134	0.38046
0.386329	0.380938
0.385518	0.381405
0.384702	0.381861
0.383879	0.382304
0.383049	0.382736
0.382213	0.383154
0.381371	0.383561
0.380523	0.383955
0.379668	0.384336
0.378807	0.384702
0.377938	0.385056
0.377066	0.385395
0.376184	0.385719
0.375297	0.38603
0.374403	0.386325
0.373503	0.386605
0.372596	0.386869
0.371362	0.386945
0.370128	0.387014
0.368895	0.387078
0.367661	0.387135
0.366426	0.387188
0.365192	0.387236
0.363957	0.387277
0.362723	0.387314
0.361488	0.387345
0.360252	0.387371
0.359017	0.387391
0.357783	0.387406
0.356547	0.387418
0.355311	0.387424
0.354077	0.387424
0.352841	0.387421
0.351606	0.387414
0.35037	0.387401
0.349134	0.387384
0.347898	0.387363
0.346664	0.387336
0.345427	0.387306
0.344191	0.387271
0.342957	0.387233
0.341721	0.38719
0.340487	0.387144
0.339251	0.387093
0.338016	0.387039
0.336782	0.386981
0.335545	0.386919
0.334311	0.386854
0.333076	0.386786
0.331842	0.386714
0.330609	0.386637
0.329375	0.386557
0.328142	0.386477
0.326907	0.386391
0.325674	0.386302
0.324441	0.386209
0.323208	0.386115
0.321976	0.386018
0.320743	0.385918
0.319512	0.385815
0.31828	0.38571
0.317049	0.385602
0.315818	0.385491
0.314588	0.385377
0.313358	0.385261
0.312128	0.385145
0.311642	0.385064
0.311157	0.384981
0.310671	0.3849
0.310185	0.384818
0.309701	0.384737
0.309215	0.384656
0.308729	0.384573
0.308244	0.384492
0.307758	0.384411
0.307272	0.384328
0.306787	0.384247
0.306302	0.384165
0.305817	0.384084
0.305331	0.384003
0.304845	0.38392
0.304361	0.38384
0.303875	0.383757
0.303389	0.383676
0.302904	0.383595
0.302418	0.383512
0.301932	0.383431
0.301447	0.383349
0.300961	0.383268
0.300476	0.383187
0.299991	0.383104
0.299505	0.383023
0.299019	0.382942
0.298535	0.38286
0.298048	0.382779
0.297563	0.382696
0.297078	0.382615
0.296592	0.382534
0.296106	0.382452
0.295621	0.382371
0.295135	0.382289
0.29465	0.382208
0.294165	0.382127
0.293679	0.382044
0.293195	0.381963
0.292709	0.381881
0.292222	0.3818
0.291738	0.381719
0.291252	0.381636
0.290766	0.381555
0.290281	0.381474
0.289795	0.381391
0.289309	0.38131
0.288825	0.381228
0.288339	0.381147
0.283654	0.380354
0.278996	0.379613
0.274362	0.378922
0.269754	0.378285
0.26517	0.377697
0.26061	0.377159
0.256074	0.376668
0.25156	0.376225
0.247071	0.37583
0.242604	0.375482
0.238158	0.375177
0.233734	0.374918
0.229332	0.374702
0.22495	0.374528
0.22059	0.374397
0.216249	0.374306
0.211927	0.374256
0.207626	0.374246
0.203341	0.374273
0.199076	0.374339
0.194829	0.37444
0.190599	0.374578
0.186386	0.374752
0.18219	0.374961
0.178009	0.375202
0.173845	0.375477
0.169698	0.375783
0.165564	0.37612
0.161445	0.376488
0.157339	0.376885
0.153249	0.377312
0.149171	0.377764
0.145106	0.378245
0.141053	0.378751
0.137013	0.379282
0.132984	0.379839
0.128967	0.380418
0.12496	0.381019
0.120964	0.381645
0.116978	0.38229
0.113001	0.382954
0.109034	0.38364
0.105075	0.384343
0.101124	0.385064
0.097182	0.385802
0.093247	0.386556
0.089319	0.387325
0.0853977	0.388108
0.0814827	0.388906
0.078099	0.389493
0.074714	0.390075
0.0713276	0.390653
0.0679398	0.391224
0.0645507	0.391791
0.0611604	0.39235
0.0577686	0.392905
0.0543756	0.393453
0.0509812	0.393994
0.0475857	0.39453
0.0441888	0.395057
0.0407907	0.395577
0.0373914	0.39609
0.0339908	0.396594
0.0305889	0.397091
0.0271858	0.397578
0.0237816	0.398057
0.0203761	0.398528
0.0169695	0.398988
0.0135616	0.39944
0.0101526	0.399881
0.00674244	0.400311
0.00333111	0.400732
-8.13591e-05	0.401143
-0.00349495	0.401543
-0.00690967	0.401931
-0.0103255	0.402308
-0.0137424	0.402674
-0.0171605	0.403026
-0.0205795	0.403368
-0.0239997	0.403697
-0.0274211	0.404011
-0.0308433	0.404314
-0.0342666	0.404604
-0.037691	0.40488
-0.0411163	0.405142
-0.0445428	0.40539
-0.0479701	0.405624
-0.0513986	0.405843
-0.0548278	0.406047
-0.0582582	0.406236
-0.0616896	0.406408
-0.0651218	0.406567
-0.068555	0.406709
-0.0719892	0.406834
-0.0754242	0.406944
-0.0788601	0.407035
-0.0822971	0.407111
-0.0857347	0.407169
-0.090201	0.407149
-0.0946676	0.407136
-0.0991341	0.407126
-0.103601	0.407121
-0.108068	0.407118
-0.112535	0.40712
-0.117002	0.407124
-0.121469	0.40713
-0.125936	0.407139
-0.130403	0.407149
-0.13487	0.407161
-0.139338	0.407173
-0.143805	0.407187
-0.148272	0.407201
-0.152741	0.407213
-0.157208	0.407226
-0.161674	0.407237
-0.166141	0.407247
-0.170608	0.407254
-0.175077	0.407261
-0.179544	0.407264
-0.184011	0.407264
-0.188478	0.407259
-0.192945	0.407253
-0.197412	0.407241
-0.201879	0.407224
-0.206346	0.407204
-0.210811	0.407178
-0.215279	0.407145
-0.219744	0.407108
-0.224211	0.407062
-0.228677	0.40701
-0.233142	0.40695
-0.237607	0.406884
-0.242073	0.406809
-0.246538	0.406725
-0.251004	0.406632
-0.255468	0.40653
-0.259933	0.406419
-0.264398	0.406296
-0.268862	0.406164
-0.273325	0.406022
-0.277788	0.405867
-0.282252	0.405701
-0.286714	0.405522
-0.291177	0.405331
-0.295639	0.405128
-0.300102	0.404911
-0.304563	0.40468
-0.307337	0.404634
-0.31011	0.404583
-0.312883	0.404525
-0.315657	0.404462
-0.318431	0.404392
-0.321204	0.404317
-0.323978	0.404236
-0.326751	0.404149
-0.329523	0.404058
-0.332296	0.403959
-0.335068	0.403856
-0.337842	0.403746
-0.340614	0.403631
-0.343386	0.403509
-0.346158	0.403382
-0.34893	0.403248
-0.351701	0.40311
-0.354471	0.402966
-0.357243	0.402814
-0.360013	0.402658
-0.362783	0.402496
-0.365553	0.402328
-0.368322	0.402154
-0.371091	0.401976
-0.373858	0.40179
-0.376628	0.401599
-0.379395	0.401401
-0.382162	0.401199
-0.384929	0.40099
-0.387694	0.400776
-0.39046	0.400556
-0.393225	0.400329
-0.395991	0.400098
-0.398754	0.39986
-0.401519	0.399617
-0.40428	0.399366
-0.407043	0.399111
-0.409804	0.39885
-0.412566	0.398583
-0.415326	0.39831
-0.418086	0.398031
-0.420845	0.397746
-0.423603	0.397455
-0.42636	0.397159
-0.429117	0.396857
-0.431872	0.396549
-0.434628	0.396234
-0.437382	0.395914
-0.440136	0.395589
-0.441586	0.395367
-0.443037	0.395138
-0.444485	0.3949
-0.445932	0.394657
-0.447378	0.394407
-0.448823	0.394149
-0.450266	0.393885
-0.451707	0.393614
-0.453149	0.393334
-0.454587	0.39305
-0.456025	0.392759
-0.457461	0.39246
-0.458897	0.392154
-0.460331	0.391844
-0.461763	0.391525
-0.463194	0.391201
-0.464623	0.390872
-0.466052	0.390536
-0.467478	0.390193
-0.468905	0.389844
-0.470328	0.38949
-0.47175	0.38913
-0.473172	0.388764
-0.474591	0.388392
-0.47601	0.388014
-0.477426	0.387632
-0.478842	0.387243
-0.480256	0.386848
-0.481668	0.386448
-0.483079	0.386043
-0.484489	0.385634
-0.485897	0.385218
-0.487304	0.384796
-0.488709	0.384372
-0.490112	0.383941
-0.491514	0.383505
-0.492915	0.383066
-0.494313	0.38262
-0.495711	0.38217
-0.497106	0.381715
-0.498501	0.381256
-0.499893	0.380792
-0.501285	0.380324
-0.502674	0.379851
-0.504061	0.379374
-0.505449	0.378894
-0.506833	0.378408
-0.508216	0.377919
-0.509598	0.377425
-0.511118	0.376908
-0.512637	0.376387
-0.514157	0.37586
-0.515675	0.375329
-0.517194	0.37479
-0.518712	0.374247
-0.520228	0.373696
-0.521744	0.37314
-0.523257	0.372578
-0.524769	0.372006
-0.52628	0.371428
-0.527786	0.370843
-0.52929	0.37025
-0.530791	0.369648
-0.532288	0.369038
-0.533782	0.368418
-0.535272	0.367788
-0.536759	0.367151
-0.538239	0.366503
-0.539715	0.365844
-0.541187	0.365175
-0.542652	0.364495
-0.544113	0.363806
-0.545567	0.363105
-0.547014	0.362391
-0.548455	0.361667
-0.54989	0.360928
-0.551316	0.360179
-0.552736	0.359416
-0.554148	0.358641
-0.555552	0.357852
-0.556947	0.357048
-0.558335	0.356232
-0.559712	0.355401
-0.561081	0.354555
-0.56244	0.353695
-0.56379	0.35282
-0.56513	0.351928
-0.566458	0.351021
-0.567777	0.350098
-0.569085	0.349158
-0.570381	0.348203
-0.571666	0.347229
-0.57294	0.346239
-0.5742	0.345231
-0.575449	0.344207
-0.576685	0.343163
-0.577908	0.3421
-0.579118	0.341019
-0.580104	0.340126
-0.581091	0.339236
-0.582079	0.338347
-0.583069	0.33746
-0.584063	0.336574
-0.585057	0.335691
-0.586052	0.334807
-0.587048	0.333925
-0.588045	0.333045
-0.589044	0.332164
-0.590043	0.331286
-0.591042	0.330406
-0.592041	0.329527
-0.59304	0.328647
-0.59404	0.327768
-0.59504	0.326889
-0.596037	0.326009
-0.597036	0.325128
-0.598033	0.324246
-0.599029	0.323362
-0.600024	0.322479
-0.601019	0.321593
-0.60201	0.320706
-0.603001	0.319817
-0.60399	0.318927
-0.604977	0.318033
-0.605961	0.317139
-0.606944	0.31624
-0.607923	0.315341
-0.608901	0.314438
-0.609875	0.313532
-0.610845	0.312622
-0.611814	0.311711
-0.612777	0.310794
-0.613738	0.309874
-0.614696	0.308952
-0.615648	0.308024
-0.616598	0.307092
-0.617542	0.306156
-0.618482	0.305217
-0.619417	0.30427
-0.620349	0.303321
-0.621275	0.302366
-0.622194	0.301405
-0.623109	0.300439
-0.62402	0.299469
-0.624924	0.298492
-0.625821	0.297508
-0.626713	0.29652
-0.627081	0.296168
-0.627448	0.295815
-0.627816	0.295463
-0.628184	0.295111
-0.628551	0.294759
-0.628919	0.294407
-0.629286	0.294054
-0.629653	0.293702
-0.630021	0.293349
-0.630389	0.292996
-0.630756	0.292646
-0.631123	0.292293
-0.631491	0.29194
-0.631858	0.291588
-0.632226	0.291235
-0.632594	0.290883
-0.632961	0.290531
-0.633328	0.29018
-0.633696	0.289827
-0.634064	0.289474
-0.634431	0.289122
-0.634799	0.28877
-0.635166	0.288417
-0.635533	0.288065
-0.6359	0.287714
-0.636267	0.287361
-0.636634	0.287008
-0.637002	0.286656
-0.637369	0.286304
-0.637737	0.285951
-0.638104	0.285599
-0.638472	0.285247
-0.63884	0.284895
-0.639207	0.284543
-0.639575	0.28419
-0.639942	0.283838
-0.640309	0.283485
-0.640677	0.283133
-0.641045	0.282782
-0.641412	0.282429
-0.641779	0.282077
-0.642147	0.281724
-0.642514	0.281371
-0.642882	0.281019
-0.64325	0.280666
-0.643617	0.280315
-0.643984	0.279963
-0.644352	0.27961
-0.64472	0.279258
-0.647533	0.27602
-0.650301	0.272786
-0.653023	0.269556
-0.655702	0.266331
-0.658338	0.263109
-0.660933	0.259893
-0.663488	0.256682
-0.666004	0.253474
-0.668481	0.250271
-0.670923	0.247074
-0.673327	0.243881
-0.675699	0.240693
-0.678036	0.23751
-0.680343	0.234331
-0.682617	0.231159
-0.684863	0.227991
-0.687079	0.224829
-0.689268	0.221671
-0.691433	0.218522
-0.69357	0.215374
-0.695685	0.212235
-0.697776	0.2091
-0.699847	0.205971
-0.701896	0.202848
-0.703928	0.199731
-0.705942	0.19662
-0.707939	0.193515
-0.709919	0.190418
-0.711885	0.187325
-0.713838	0.184237
-0.715779	0.181158
-0.71771	0.178084
-0.719629	0.175017
-0.721542	0.171957
-0.723447	0.168903
-0.725346	0.165857
-0.727239	0.162816
-0.729129	0.159783
-0.731016	0.156756
-0.732901	0.153736
-0.734787	0.150725
-0.736673	0.14772
-0.738561	0.144722
-0.740452	0.141732
-0.742348	0.138749
-0.744251	0.135773
-0.746159	0.132805
-0.748074	0.129845
-0.75	0.126893
-0.75	0.12604
-0.75	0.125187
-0.75	0.124334
-0.75	0.123481
-0.75	0.122628
-0.75	0.121775
-0.75	0.120922
-0.75	0.120069
-0.75	0.119216
-0.75	0.118363
-0.75	0.11751
-0.75	0.116657
-0.75	0.115804
-0.75	0.114951
-0.75	0.114098
-0.75	0.113245
-0.75	0.112392
-0.75	0.111539
-0.75	0.110686
-0.75	0.109833
-0.75	0.108981
-0.75	0.108127
-0.75	0.107275
-0.75	0.106422
-0.75	0.105569
-0.75	0.104716
-0.75	0.103863
-0.75	0.10301
-0.75	0.102157
-0.75	0.101304
-0.75	0.100451
-0.75	0.0995981
-0.75	0.0987452
-0.75	0.0978921
-0.75	0.0970392
-0.75	0.0961863
-0.75	0.0953333
-0.75	0.0944803
-0.75	0.0936273
-0.75	0.0927744
-0.75	0.0919215
-0.75	0.0910684
-0.75	0.0902156
-0.75	0.0893627
-0.75	0.0885096
-0.75	0.0876567
-0.75	0.0868038
-0.75	0.0859507
-0.75	0.0850979
-0.748776	0.0853379
-0.747553	0.0855802
-0.746331	0.0858252
-0.745108	0.0860725
-0.743888	0.0863224
-0.742667	0.0865751
-0.741445	0.08683
-0.740226	0.0870877
-0.739007	0.087348
-0.737787	0.087611
-0.736569	0.0878764
-0.735351	0.0881446
-0.734135	0.0884156
-0.732918	0.0886891
-0.731702	0.0889655
-0.730487	0.0892446
-0.729271	0.0895265
-0.728058	0.089811
-0.726845	0.0900985
-0.725631	0.0903888
-0.724419	0.0906819
-0.723207	0.0909778
-0.721997	0.0912768
-0.720787	0.0915784
-0.719577	0.0918832
-0.718369	0.0921909
-0.717162	0.0925016
-0.715954	0.0928152
-0.714749	0.0931317
-0.713542	0.0934514
-0.712338	0.0937742
-0.711135	0.0940998
-0.709932	0.0944287
-0.708729	0.0947607
-0.707528	0.0950958
-0.706327	0.0954341
-0.705127	0.0957754
-0.703929	0.09612
-0.702732	0.0964677
-0.701535	0.0968189
-0.700338	0.097173
-0.699144	0.0975306
-0.69795	0.0978913
-0.696756	0.0982555
-0.695564	0.098623
-0.694373	0.0989938
-0.693183	0.0993679
-0.691993	0.0997455
-0.690805	0.100127
-0.689615	0.10047
-0.688425	0.100822
-0.687238	0.101183
-0.686055	0.101553
-0.684872	0.10193
-0.683691	0.102314
-0.682512	0.102704
-0.681334	0.1031
-0.680158	0.103501
-0.678982	0.103906
-0.67781	0.104315
-0.676635	0.104728
-0.675463	0.105143
-0.674291	0.105561
-0.673119	0.10598
-0.671948	0.1064
-0.670778	0.10682
-0.669606	0.10724
-0.668435	0.107658
-0.667261	0.108076
-0.66609	0.108491
-0.664917	0.108904
-0.663743	0.109313
-0.662568	0.109718
-0.661392	0.110119
-0.660215	0.110514
-0.659035	0.110904
-0.657855	0.111287
-0.656673	0.111664
-0.65549	0.112032
-0.654305	0.112393
-0.653116	0.112745
-0.651925	0.113088
-0.650733	0.11342
-0.649536	0.113742
-0.648339	0.114053
-0.647138	0.114352
-0.645933	0.114639
-0.644726	0.114912
-0.643513	0.115172
-0.642298	0.115418
-0.641081	0.115649
-0.639858	0.115865
-0.638632	0.116065
-0.637401	0.116247
-0.636167	0.116413
-0.634928	0.116561
-0.633683	0.116691
-0.632435	0.116801
-0.631203	0.116931
-0.629968	0.117041
-0.628731	0.117132
-0.627494	0.117204
-0.626253	0.117257
-0.625014	0.11729
-0.623772	0.117304
-0.622532	0.117299
-0.621289	0.117275
-0.620049	0.117231
-0.618808	0.117168
-0.617571	0.117085
-0.616333	0.116983
-0.615098	0.116862
-0.613865	0.116721
-0.612633	0.116561
-0.611406	0.116382
-0.610181	0.116183
-0.608959	0.115965
-0.607743	0.115727
-0.60653	0.11547
-0.605322	0.115193
-0.604118	0.114897
-0.60292	0.114581
-0.601728	0.114246
-0.600542	0.113891
-0.599361	0.113516
-0.598188	0.113122
-0.597021	0.112709
-0.595863	0.112276
-0.594711	0.111823
-0.593568	0.11135
-0.592434	0.110858
-0.591308	0.110347
-0.59019	0.109815
-0.589083	0.109264
-0.587986	0.108693
-0.586899	0.108103
-0.585822	0.107493
-0.584755	0.106863
-0.583701	0.106213
-0.582658	0.105544
-0.581627	0.104855
-0.580608	0.104145
-0.579601	0.103417
-0.578608	0.102668
-0.577627	0.101899
-0.576661	0.101111
-0.575709	0.100303
-0.575295	0.0998902
-0.574882	0.0994776
-0.574469	0.0990649
-0.574055	0.0986521
-0.573642	0.0982395
-0.573228	0.0978268
-0.572814	0.0974142
-0.572402	0.0970015
-0.571988	0.0965889
-0.571574	0.0961761
-0.571161	0.0957634
-0.570747	0.0953508
-0.570334	0.0949381
-0.56992	0.0945255
-0.569506	0.0941128
-0.569094	0.0937001
-0.56868	0.0932874
-0.568266	0.0928748
-0.567854	0.0924621
-0.567439	0.0920495
-0.567025	0.0916368
-0.566613	0.091224
-0.566199	0.0908113
-0.565785	0.0903987
-0.565373	0.089986
-0.564959	0.0895734
-0.564545	0.0891607
-0.564132	0.0887479
-0.563718	0.0883353
-0.563304	0.0879227
-0.562891	0.08751
-0.562477	0.0870974
-0.562064	0.0866847
-0.561651	0.0862719
-0.561237	0.0858592
-0.560823	0.0854466
-0.560411	0.0850339
-0.559997	0.0846213
-0.559584	0.0842086
-0.55917	0.0837959
-0.558756	0.0833832
-0.558343	0.0829706
-0.557929	0.0825579
-0.557515	0.0821453
-0.557103	0.0817326
-0.556689	0.0813198
-0.556275	0.0809072
-0.555862	0.0804945
-0.555449	0.0800819
-0.550153	0.0750809
-0.544852	0.0701355
-0.539546	0.0652461
-0.534231	0.0604122
-0.528911	0.0556341
-0.523581	0.0509117
-0.518244	0.0462449
-0.512899	0.0416336
-0.507545	0.0370779
-0.502182	0.0325776
-0.49681	0.0281329
-0.491428	0.0237435
-0.486036	0.0194097
-0.480635	0.0151311
-0.475221	0.0109079
-0.469797	0.00673998
-0.464361	0.00262732
-0.458915	-0.00143011
-0.453454	-0.00543235
-0.447983	-0.00937944
-0.442497	-0.0132714
-0.436999	-0.0171083
-0.431488	-0.0208901
-0.425962	-0.0246169
-0.420423	-0.0282888
-0.414869	-0.0319056
-0.409299	-0.0354676
-0.403715	-0.0389746
-0.398115	-0.0424269
-0.392499	-0.0458244
-0.386867	-0.049167
-0.381217	-0.052455
-0.375551	-0.0556882
-0.369867	-0.0588669
-0.364165	-0.0619908
-0.358446	-0.0650601
-0.352708	-0.0680749
-0.346952	-0.0710352
-0.341175	-0.073941
-0.335379	-0.0767922
-0.329565	-0.0795891
-0.323729	-0.0823317
-0.317873	-0.0850198
-0.311995	-0.0876537
-0.306098	-0.0902333
-0.300177	-0.0927585
-0.294235	-0.0952296
-0.288272	-0.0976465
-0.282285	-0.100009
-0.279693	-0.100918
-0.277095	-0.101809
-0.274491	-0.102684
-0.271883	-0.103542
-0.269267	-0.104382
-0.266646	-0.105206
-0.264021	-0.106013
-0.26139	-0.106803
-0.258753	-0.107576
-0.256111	-0.108331
-0.253466	-0.109069
-0.250815	-0.109789
-0.248159	-0.110492
-0.245499	-0.111178
-0.242834	-0.111846
-0.240165	-0.112496
-0.23749	-0.113128
-0.234813	-0.113743
-0.232133	-0.11434
-0.229447	-0.114918
-0.226758	-0.115479
-0.224066	-0.116022
-0.221368	-0.116546
-0.218668	-0.117052
-0.215965	-0.11754
-0.213259	-0.11801
-0.21055	-0.118461
-0.207837	-0.118894
-0.205122	-0.119308
-0.202404	-0.119703
-0.199684	-0.12008
-0.196961	-0.120438
-0.194235	-0.120777
-0.191508	-0.121097
-0.188778	-0.121398
-0.186047	-0.12168
-0.183312	-0.121943
-0.180576	-0.122187
-0.177839	-0.122411
-0.1751	-0.122617
-0.172359	-0.122802
-0.169617	-0.122968
-0.166875	-0.123115
-0.16413	-0.123242
-0.161385	-0.12335
-0.158639	-0.123437
-0.155892	-0.123505
-0.153144	-0.123553
-0.150396	-0.123581
-0.147435	-0.123607
-0.144475	-0.123611
-0.141515	-0.123592
-0.138556	-0.123551
-0.135598	-0.123489
-0.13264	-0.123404
-0.129683	-0.123298
-0.126727	-0.12317
-0.123773	-0.123021
-0.12082	-0.12285
-0.117868	-0.122659
-0.114917	-0.122446
-0.111968	-0.122212
-0.109021	-0.121957
-0.106076	-0.121682
-0.103133	-0.121386
-0.100191	-0.12107
-0.097252	-0.120733
-0.0943152	-0.120376
-0.0913808	-0.119999
-0.0884487	-0.119602
-0.0855193	-0.119185
-0.0825927	-0.118749
-0.0796689	-0.118293
-0.0767481	-0.117818
-0.0738303	-0.117323
-0.0709156	-0.116809
-0.0680045	-0.116277
-0.0650966	-0.115725
-0.0621921	-0.115154
-0.0592914	-0.114565
-0.0563944	-0.113957
-0.0535013	-0.113331
-0.0506121	-0.112686
-0.047727	-0.112024
-0.0448461	-0.111343
-0.0419696	-0.110644
-0.0390973	-0.109928
-0.0362298	-0.109194
-0.0333668	-0.108442
-0.0305086	-0.107673
-0.0276552	-0.106887
-0.0248069	-0.106084
-0.0219637	-0.105263
-0.0191256	-0.104426
-0.016293	-0.103572
-0.0134657	-0.102701
-0.010644	-0.101814
-0.00782792	-0.100911
-0.00633272	-0.100409
-0.00483678	-0.0999066
-0.00334029	-0.0994032
-0.00184342	-0.0988984
-0.000346384	-0.0983921
0.00115065	-0.0978837
0.00264748	-0.0973732
0.00414393	-0.0968601
0.0056398	-0.0963442
0.00713491	-0.0958251
0.00862909	-0.0953025
0.0101221	-0.094776
0.0116138	-0.0942456
0.013104	-0.0937107
0.0145925	-0.0931711
0.0160791	-0.0926265
0.0175637	-0.0920765
0.0190459	-0.0915209
0.0205257	-0.0909594
0.0220029	-0.0903915
0.0234772	-0.0898171
0.0249486	-0.0892359
0.0264168	-0.0886475
0.0278815	-0.0880515
0.0293427	-0.0874479
0.0308001	-0.086836
0.0322534	-0.0862158
0.0337027	-0.0855867
0.0351478	-0.0849488
0.0365883	-0.0843013
0.038024	-0.0836443
0.0394548	-0.0829773
0.0408806	-0.0823
0.042301	-0.0816121
0.0437161	-0.0809134
0.0451256	-0.0802035
0.0465291	-0.079482
0.0479267	-0.0787488
0.049318	-0.0780033
0.050703	-0.0772455
0.0520813	-0.0764749
0.0534529	-0.0756914
0.0548175	-0.0748944
0.056175	-0.0740837
0.0575251	-0.0732591
0.0588678	-0.0724202
0.0602026	-0.0715666
0.0615297	-0.0706982
0.0628487	-0.0698145
0.0649203	-0.0684534
0.0669821	-0.0670789
0.0690342	-0.0656914
0.0710769	-0.0642912
0.0731103	-0.0628785
0.0751345	-0.0614535
0.0771498	-0.0600165
0.0791564	-0.0585678
0.0811542	-0.0571077
0.0831436	-0.0556364
0.0851247	-0.0541541
0.0870978	-0.0526611
0.0890628	-0.0511578
0.0910201	-0.0496443
0.0929698	-0.048121
0.0949122	-0.0465881
0.0968472	-0.0450458
0.0987751	-0.0434944
0.100696	-0.0419343
0.10261	-0.0403656
0.104518	-0.0387885
0.10642	-0.0372034
0.108315	-0.0356108
0.110204	-0.0340104
0.112087	-0.0324028
0.113964	-0.0307884
0.115836	-0.0291672
0.117703	-0.0275395
0.119564	-0.0259058
0.121421	-0.0242661
0.123272	-0.0226208
0.125119	-0.02097
0.126961	-0.019314
0.128799	-0.0176534
0.130632	-0.0159881
0.132462	-0.0143184
0.134288	-0.0126446
0.13611	-0.0109671
0.137929	-0.00928604
0.139744	-0.0076017
0.141556	-0.00591435
0.143365	-0.00422425
0.145172	-0.00253169
0.146976	-0.000836883
0.148777	0.000859871
0.150576	0.00255831
0.152373	0.00425818
0.154168	0.00595923
0.155961	0.00766116
0.157295	0.00887941
0.158631	0.0100963
0.159971	0.0113114
0.161313	0.0125245
0.16266	0.0137351
0.16401	0.0149429
0.165364	0.0161475
0.166722	0.0173487
0.168084	0.018546
0.169452	0.019739
0.170823	0.0209274
0.172199	0.0221111
0.17358	0.0232893
0.174966	0.0244619
0.176356	0.0256285
0.177753	0.0267888
0.179154	0.0279423
0.180562	0.0290889
0.181975	0.030228
0.183394	0.0313593
0.184818	0.0324825
0.18625	0.0335973
0.187687	0.0347031
0.189132	0.0357999
0.190582	0.036887
0.192039	0.0379642
0.193505	0.0390313
0.194976	0.0400877
0.196455	0.0411332
0.19794	0.0421673
0.199434	0.0431898
0.200935	0.0442002
0.202446	0.0451983
0.203963	0.0461835
0.205488	0.0471558
0.207022	0.0481146
0.208564	0.0490596
0.210117	0.0499904
0.211677	0.0509067
0.213245	0.0518082
0.214823	0.0526944
0.216411	0.0535652
0.218007	0.0544198
0.219614	0.0552583
0.221229	0.0560801
0.222855	0.056885
0.22449	0.0576725
0.226137	0.0584423
0.227793	0.0591939
0.228363	0.0593895
0.228933	0.059585
0.229503	0.0597806
0.230074	0.059976
0.230645	0.0601716
0.231214	0.0603672
0.231785	0.0605626
0.232355	0.0607582
0.232925	0.0609539
0.233496	0.0611493
0.234066	0.0613449
0.234636	0.0615403
0.235206	0.0617359
0.235776	0.0619315
0.236346	0.062127
0.236918	0.0623226
0.237487	0.062518
0.238058	0.0627137
0.238627	0.0629092
0.239198	0.0631047
0.239767	0.0633003
0.240339	0.0634958
0.240909	0.0636914
0.241479	0.0638869
0.242049	0.0640824
0.242619	0.064278
0.243189	0.0644736
0.243761	0.064669
0.244331	0.0648646
0.2449	0.0650601
0.24547	0.0652557
0.24604	0.0654513
0.246611	0.0656468
0.247182	0.0658423
0.247752	0.0660378
0.248322	0.0662334
0.248892	0.066429
0.249462	0.0666245
0.250032	0.0668201
0.250603	0.0670155
0.251173	0.0672111
0.251744	0.0674067
0.252313	0.0676021
0.252883	0.0677978
0.253453	0.0679933
0.254025	0.0681888
0.254595	0.0683844
0.255165	0.0685798
0.255735	0.0687754
0.256099	0.0685671
0.256464	0.0683587
0.256829	0.0681504
0.257192	0.0679421
0.257556	0.0677338
0.25792	0.0675255
0.258285	0.0673171
0.258649	0.0671088
0.259014	0.0669005
0.259378	0.0666921
0.259742	0.0664838
0.260106	0.0662754
0.26047	0.0660671
0.260835	0.0658587
0.2612	0.0656505
0.261564	0.0654422
0.261929	0.0652338
0.262292	0.0650254
0.262656	0.0648171
0.26302	0.0646087
0.263385	0.0644004
0.263749	0.0641921
0.264114	0.0639837
0.264479	0.0637754
0.264842	0.0635672
0.265206	0.0633588
0.265571	0.0631504
0.265935	0.0629421
0.2663	0.0627338
0.266664	0.0625254
0.267029	0.062317
0.267392	0.0621087
0.267756	0.0619004
0.26812	0.061692
0.268485	0.0614838
0.26885	0.0612754
0.269214	0.0610671
0.269578	0.0608587
0.269942	0.0606504
0.270306	0.0604421
0.27067	0.0602337
0.271035	0.0600254
0.2714	0.059817
0.271764	0.0596086
0.272128	0.0594004
0.272491	0.0591921
0.272856	0.0589838
0.27322	0.0587754
0.273585	0.0585671
0.273826	0.0549715
0.274035	0.0514069
0.274211	0.0478727
0.274352	0.0443684
0.274462	0.0408937
0.274539	0.0374484
0.274583	0.0340319
0.274595	0.030644
0.274573	0.0272841
0.27452	0.023952
0.274434	0.0206472
0.274317	0.0173694
0.274167	0.0141183
0.273985	0.0108935
0.273771	0.00769448
0.273525	0.00452096
0.273247	0.00137256
0.272937	-0.0017511
0.272597	-0.0048504
0.272223	-0.00792571
0.271819	-0.0109774
0.271385	-0.0140059
0.270917	-0.0170115
0.270419	-0.0199947
0.269889	-0.0229557
0.269329	-0.0258951
0.268737	-0.028813
0.268115	-0.03171
0.267462	-0.0345864
0.266778	-0.0374427
0.266064	-0.040279
0.265319	-0.0430959
0.264543	-0.0458937
0.263738	-0.0486729
0.2629	-0.0514337
0.262034	-0.0541764
0.261136	-0.0569016
0.260211	-0.0596097
0.259254	-0.0623008
0.258267	-0.0649756
0.25725	-0.0676342
0.256205	-0.0702772
0.255127	-0.0729049
0.254022	-0.0755176
0.252887	-0.0781158
0.251722	-0.0806998
0.250528	-0.08327
0.249306	-0.0858267
0.248053	-0.0883704
0.247603	-0.0893079
0.247146	-0.0902417
0.246682	-0.0911718
0.246212	-0.0920988
0.245734	-0.0930226
0.245252	-0.0939436
0.244764	-0.094862
0.244271	-0.0957777
0.243773	-0.0966911
0.24327	-0.0976023
0.242764	-0.0985116
0.242256	-0.0994191
0.241743	-0.100325
0.241228	-0.10123
0.240711	-0.102133
0.240192	-0.103035
0.239672	-0.103937
0.239149	-0.104838
0.238626	-0.105739
0.238104	-0.106639
0.237581	-0.10754
0.237059	-0.10844
0.236536	-0.109341
0.236016	-0.110242
0.235497	-0.111144
0.234979	-0.112047
0.234465	-0.112952
0.233952	-0.113857
0.233443	-0.114764
0.232938	-0.115673
0.232436	-0.116583
0.231938	-0.117496
0.231445	-0.118411
0.230958	-0.119328
0.230475	-0.120249
0.229998	-0.121171
0.229527	-0.122097
0.229064	-0.123027
0.228606	-0.123959
0.228156	-0.124895
0.227715	-0.125835
0.22728	-0.126779
0.226856	-0.127728
0.226439	-0.12868
0.226032	-0.129637
0.225633	-0.130599
0.225246	-0.131566
0.224868	-0.132538
0.224502	-0.133516
0.223566	-0.135937
0.222675	-0.138371
0.221826	-0.140814
0.221021	-0.143268
0.220257	-0.145733
0.219534	-0.148206
0.218853	-0.150689
0.218212	-0.15318
0.217611	-0.15568
0.21705	-0.158189
0.216528	-0.160702
0.216043	-0.163225
0.215598	-0.165754
0.21519	-0.16829
0.214818	-0.17083
0.214483	-0.173376
0.214185	-0.175928
0.213921	-0.178483
0.213692	-0.181044
0.213497	-0.183608
0.213336	-0.186175
0.213208	-0.188745
0.213114	-0.191317
0.213051	-0.193893
0.21302	-0.19647
0.21302	-0.199047
0.213051	-0.201626
0.213113	-0.204206
0.213203	-0.206784
0.213323	-0.209363
0.213471	-0.211941
0.213648	-0.214518
0.213852	-0.217093
0.214083	-0.219666
0.214341	-0.222237
0.214624	-0.224805
0.214935	-0.22737
0.215268	-0.229932
0.215628	-0.232488
0.21601	-0.235041
0.216417	-0.237588
0.216846	-0.240131
0.217296	-0.242667
0.21777	-0.245198
0.218265	-0.247722
0.21878	-0.250239
0.219315	-0.252749
0.219871	-0.255251
0.220446	-0.257744
0.220909	-0.2598
0.221388	-0.261854
0.221883	-0.263904
0.222393	-0.26595
0.222918	-0.267993
0.223459	-0.270031
0.224016	-0.272066
0.224587	-0.274095
0.225174	-0.276122
0.225777	-0.278142
0.226395	-0.280158
0.227029	-0.28217
0.227679	-0.284176
0.228344	-0.286178
0.229023	-0.288174
0.229719	-0.290164
0.230429	-0.292149
0.231156	-0.294129
0.231897	-0.296103
0.232654	-0.298069
0.233427	-0.300032
0.234214	-0.301988
0.235019	-0.303936
0.235838	-0.305878
0.236672	-0.307814
0.237522	-0.309743
0.238388	-0.311664
0.239268	-0.31358
0.240164	-0.315486
0.241075	-0.317387
0.242003	-0.319279
0.242945	-0.321163
0.243901	-0.32304
0.244875	-0.32491
0.245864	-0.326771
0.246867	-0.328623
0.247887	-0.330468
0.248922	-0.332304
0.249972	-0.334131
0.251037	-0.335949
0.252119	-0.337758
0.253215	-0.339558
0.254327	-0.341349
0.255453	-0.343131
0.256596	-0.344904
0.257754	-0.346666
0.258927	-0.348419
0.260115	-0.350162
0.26132	-0.351894
0.262348	-0.353346
0.263391	-0.354789
0.26445	-0.356221
0.265522	-0.357645
0.26661	-0.359059
0.267713	-0.360462
0.26883	-0.361854
0.269961	-0.363236
0.271107	-0.364605
0.272268	-0.365964
0.273443	-0.36731
0.274632	-0.368645
0.275836	-0.369965
0.277053	-0.371274
0.278284	-0.372568
0.279531	-0.37385
0.28079	-0.375117
0.282063	-0.376371
0.28335	-0.37761
0.284652	-0.378834
0.285966	-0.380042
0.287293	-0.381236
0.288636	-0.382413
0.28999	-0.383574
0.29136	-0.384719
0.292741	-0.385846
0.294136	-0.386958
0.295545	-0.388051
0.296965	-0.389127
0.298399	-0.390184
0.299847	-0.391224
0.301308	-0.392244
0.302781	-0.393246
0.304266	-0.394229
0.305764	-0.39519
0.307277	-0.396134
0.308799	-0.397056
0.310335	-0.397958
0.311885	-0.398838
0.313445	-0.399698
0.315018	-0.400536
0.316604	-0.401352
0.318201	-0.402145
0.31981	-0.402917
0.321432	-0.403665
0.323066	-0.404391
0.324711	-0.405093
0.326367	-0.405771
0.328037	-0.406425
0.330141	-0.407223
0.332256	-0.407983
0.334381	-0.408708
0.336516	-0.409393
0.33866	-0.410045
0.340812	-0.410658
0.342972	-0.411237
0.345141	-0.41178
0.347316	-0.412287
0.3495	-0.41276
0.351689	-0.413197
0.353884	-0.413601
0.356086	-0.41397
0.358293	-0.414306
0.360504	-0.414609
0.362721	-0.414878
0.364941	-0.415115
0.367164	-0.415318
0.369391	-0.415489
0.371622	-0.415629
0.373854	-0.415737
0.376089	-0.415813
0.378326	-0.41586
0.380562	-0.415875
0.3828	-0.41586
0.385038	-0.415815
0.387276	-0.41574
0.389514	-0.415635
0.391751	-0.415501
0.393987	-0.415338
0.396221	-0.415148
0.398451	-0.414927
0.40068	-0.414679
0.402906	-0.414405
0.405129	-0.414104
0.407347	-0.413774
0.409561	-0.413416
0.411771	-0.413034
0.413976	-0.412626
0.416175	-0.412191
0.418368	-0.411732
0.420555	-0.411246
0.422735	-0.410736
0.424908	-0.410201
0.427072	-0.409642
0.429229	-0.409059
0.431379	-0.408453
0.43352	-0.407821
0.43565	-0.407169
0.437551	-0.406578
0.439447	-0.405966
0.441335	-0.405331
0.443215	-0.404676
0.445088	-0.403998
0.44695	-0.403299
0.448806	-0.402577
0.450653	-0.401836
0.452492	-0.401075
0.45432	-0.40029
0.456141	-0.399486
0.457951	-0.398662
0.459753	-0.397818
0.461545	-0.396953
0.463328	-0.396067
0.465099	-0.395161
0.466861	-0.394237
0.468612	-0.393293
0.470353	-0.392329
0.472083	-0.391347
0.473802	-0.390343
0.475509	-0.389323
0.477206	-0.388282
0.478892	-0.387224
0.480564	-0.386147
0.482226	-0.385051
0.483874	-0.383937
0.485511	-0.382806
0.487136	-0.381656
0.488748	-0.380489
0.490347	-0.379302
0.491932	-0.3781
0.493505	-0.37688
0.495064	-0.375642
0.49661	-0.374388
0.498141	-0.373117
0.499659	-0.371829
0.501162	-0.370525
0.502652	-0.369204
0.504126	-0.367868
0.505586	-0.366513
0.507032	-0.365145
0.508461	-0.363759
0.509876	-0.36236
0.511274	-0.360944
0.512658	-0.359511
0.514024	-0.358065
0.515376	-0.356602
0.516711	-0.355127
0.518114	-0.353565
0.519498	-0.35199
0.520865	-0.350402
0.522216	-0.348799
0.52355	-0.347184
0.524865	-0.345558
0.526166	-0.343919
0.527448	-0.342266
0.528716	-0.340602
0.529967	-0.338927
0.531201	-0.337239
0.53242	-0.335541
0.533622	-0.333831
0.53481	-0.33211
0.535981	-0.330379
0.537138	-0.32864
0.53828	-0.326887
0.539405	-0.325126
0.540516	-0.323355
0.541612	-0.321574
0.542694	-0.319785
0.543762	-0.317987
0.544814	-0.316179
0.545853	-0.314362
0.546878	-0.312538
0.547889	-0.310705
0.548884	-0.308865
0.549867	-0.307017
0.550838	-0.305163
0.551793	-0.3033
0.552736	-0.301431
0.553667	-0.299555
0.554583	-0.297672
0.555488	-0.295782
0.55638	-0.293887
0.557259	-0.291987
0.558126	-0.290081
0.558979	-0.28817
0.559823	-0.286253
0.560654	-0.284331
0.561473	-0.282405
0.56228	-0.280475
0.563075	-0.278539
0.563859	-0.2766
0.564633	-0.274657
0.565395	-0.272712
0.566146	-0.270762
0.566886	-0.268809
0.567616	-0.266854
0.568504	-0.264831
0.56943	-0.262831
0.570393	-0.260854
0.571391	-0.2589
0.572422	-0.256968
0.573489	-0.255057
0.57459	-0.25317
0.575723	-0.251305
0.576888	-0.249462
0.578085	-0.247641
0.579312	-0.245841
0.58057	-0.244062
0.581858	-0.242305
0.583173	-0.24057
0.584517	-0.238857
0.585888	-0.237163
0.587284	-0.235491
0.588708	-0.23384
0.590157	-0.232208
0.59163	-0.230598
0.593127	-0.229008
0.594646	-0.227438
0.596189	-0.225888
0.597753	-0.224357
0.599338	-0.222848
0.600944	-0.221357
0.602568	-0.219885
0.604212	-0.218433
0.605874	-0.217
0.607554	-0.215586
0.609249	-0.214191
0.610962	-0.212815
0.61269	-0.211458
0.614433	-0.21012
0.61619	-0.208798
0.617958	-0.207497
0.619741	-0.206213
0.621536	-0.204947
0.623341	-0.203697
0.625157	-0.202467
0.626982	-0.201254
0.628818	-0.200058
0.630661	-0.198879
0.632513	-0.197717
0.634371	-0.196572
0.636234	-0.195444
0.638104	-0.194334
0.63998	-0.193239
