0.0887899	-0.33572
0.0859089	-0.331246
0.08303	-0.326865
0.080153	-0.322576
0.0772781	-0.318381
0.0744051	-0.314277
0.0715341	-0.310264
0.0686652	-0.306345
0.0657984	-0.302517
0.0629336	-0.298782
0.0600708	-0.29514
0.05721	-0.291588
0.0543512	-0.288131
0.0514946	-0.284763
0.0486397	-0.28149
0.045787	-0.278307
0.0429365	-0.275219
0.0400878	-0.27222
0.0372411	-0.269316
0.0343965	-0.266502
0.031554	-0.263783
0.0287135	-0.261153
0.025875	-0.258617
0.0230385	-0.256173
0.0202039	-0.253821
0.0173715	-0.251562
0.0145411	-0.249394
0.0117127	-0.247318
0.00888633	-0.245336
0.00606198	-0.243445
0.00323966	-0.241647
0.000419355	-0.239941
-0.00239892	-0.238327
-0.00521517	-0.236805
-0.00802941	-0.235376
-0.0108416	-0.234039
-0.0136518	-0.232794
-0.01646	-0.231641
-0.0192662	-0.23058
-0.0220702	-0.229611
-0.0248722	-0.228735
-0.0276723	-0.227952
-0.0304704	-0.227259
-0.0332664	-0.22666
-0.0360603	-0.226153
-0.0388524	-0.225738
-0.0416423	-0.225415
-0.0444302	-0.225185
-0.0472161	-0.225046
-0.05	-0.225
-0.05	-0.225
-0.055102	-0.225
-0.060204	-0.225
-0.0653061	-0.225
-0.070408	-0.225
-0.0755101	-0.225
-0.0806122	-0.225
-0.0857142	-0.225
-0.0908163	-0.225
-0.0959184	-0.225
-0.10102	-0.225
-0.106122	-0.225
-0.111224	-0.225
-0.116326	-0.225
-0.121429	-0.225
-0.126531	-0.225
-0.131633	-0.225
-0.136735	-0.225
-0.141837	-0.225
-0.146939	-0.225
-0.152041	-0.225
-0.157143	-0.225
-0.162244	-0.225
-0.167347	-0.225
-0.172449	-0.225
-0.17755	-0.225
-0.182653	-0.225
-0.187755	-0.225
-0.192856	-0.225
-0.19796	-0.225
-0.203061	-0.225
-0.208163	-0.225
-0.213265	-0.225
-0.218367	-0.225
-0.22347	-0.225
-0.228571	-0.225
-0.233673	-0.225
-0.238776	-0.225
-0.243878	-0.225
-0.248979	-0.225
-0.254082	-0.225
-0.259184	-0.225
-0.264285	-0.225
-0.269388	-0.225
-0.274489	-0.225
-0.279593	-0.225
-0.284694	-0.225
-0.289795	-0.225
-0.294899	-0.225
-0.3	-0.225
-0.304166	-0.224949
-0.308316	-0.224797
-0.312447	-0.224548
-0.316563	-0.224204
-0.320659	-0.223763
-0.324738	-0.223228
-0.328798	-0.222605
-0.33284	-0.22189
-0.336861	-0.221089
-0.340863	-0.220203
-0.344844	-0.219232
-0.348805	-0.218181
-0.352745	-0.217048
-0.356662	-0.215838
-0.36056	-0.214552
-0.364434	-0.213192
-0.368286	-0.211758
-0.372115	-0.210253
-0.375921	-0.208681
-0.379702	-0.207042
-0.38346	-0.205337
-0.387193	-0.203568
-0.390902	-0.201738
-0.394584	-0.199849
-0.398241	-0.197902
-0.401873	-0.195898
-0.405477	-0.193842
-0.409054	-0.191731
-0.412605	-0.189573
-0.416127	-0.187364
-0.419622	-0.185109
-0.423087	-0.182809
-0.426525	-0.180467
-0.429933	-0.178082
-0.433311	-0.175659
-0.436659	-0.173198
-0.439977	-0.170702
-0.443264	-0.168171
-0.446519	-0.165609
-0.449742	-0.163017
-0.452934	-0.160396
-0.456095	-0.15775
-0.459221	-0.155079
-0.462315	-0.152385
-0.465373	-0.14967
-0.4684	-0.146937
-0.471392	-0.144186
-0.474348	-0.14142
-0.47727	-0.13864
-0.481815	-0.13428
-0.486362	-0.12992
-0.490906	-0.12556
-0.495452	-0.1212
-0.499998	-0.11684
-0.504543	-0.11248
-0.509088	-0.10812
-0.513634	-0.10376
-0.51818	-0.0994
-0.522725	-0.09504
-0.527271	-0.0906801
-0.531816	-0.08632
-0.536362	-0.08196
-0.540907	-0.0776001
-0.545453	-0.0732401
-0.549999	-0.06888
-0.554544	-0.0645201
-0.559089	-0.0601601
-0.563635	-0.0558
-0.56818	-0.0514401
-0.572725	-0.04708
-0.577272	-0.04272
-0.581817	-0.0383601
-0.586362	-0.0340001
-0.590908	-0.02964
-0.595454	-0.02528
-0.599998	-0.02092
-0.604545	-0.01656
-0.60909	-0.0122
-0.613635	-0.00784002
-0.618182	-0.00348001
-0.622726	0.000879983
-0.627271	0.00523998
-0.631818	0.00959999
-0.636363	0.01396
-0.640908	0.01832
-0.645455	0.02268
-0.65	0.02704
-0.654546	0.0313999
-0.659091	0.03576
-0.663636	0.0401201
-0.668183	0.04448
-0.672728	0.04884
-0.677272	0.0532
-0.681819	0.0575599
-0.686364	0.06192
-0.690909	0.0662801
-0.695456	0.0706399
-0.700001	0.075
-0.701642	0.0766107
-0.703271	0.0782815
-0.704886	0.0800102
-0.706488	0.0817935
-0.708075	0.0836291
-0.709647	0.0855142
-0.711202	0.0874461
-0.71274	0.0894219
-0.71426	0.0914392
-0.715759	0.0934951
-0.71724	0.095587
-0.718698	0.0977123
-0.720136	0.0998679
-0.721551	0.102051
-0.722941	0.10426
-0.724308	0.106491
-0.72565	0.108742
-0.726966	0.11101
-0.728255	0.113292
-0.729515	0.115586
-0.730746	0.117888
-0.731947	0.120197
-0.733119	0.12251
-0.734259	0.124823
-0.735367	0.127134
-0.736441	0.129441
-0.737483	0.13174
-0.738489	0.134029
-0.739458	0.136306
-0.740391	0.138567
-0.741288	0.14081
-0.742144	0.143033
-0.742963	0.145231
-0.743741	0.147404
-0.744479	0.149547
-0.745173	0.151659
-0.745826	0.153736
-0.746435	0.155776
-0.746999	0.157778
-0.747517	0.159735
-0.74799	0.161647
-0.748416	0.163513
-0.748792	0.165327
-0.749121	0.16709
-0.7494	0.168794
-0.749628	0.17044
-0.749805	0.172026
-0.749929	0.173547
-0.75	0.175001
-0.750063	0.177042
-0.750121	0.179082
-0.75018	0.181123
-0.750234	0.183163
-0.750287	0.185205
-0.750336	0.187245
-0.750382	0.189286
-0.750426	0.191327
-0.750468	0.193368
-0.750507	0.195408
-0.750543	0.19745
-0.750577	0.199489
-0.750607	0.201531
-0.750636	0.203571
-0.750663	0.205613
-0.750686	0.207653
-0.750706	0.209694
-0.750725	0.211736
-0.750741	0.213776
-0.750753	0.215817
-0.750763	0.217857
-0.750773	0.219898
-0.750777	0.221939
-0.75078	0.22398
-0.75078	0.22602
-0.750777	0.228062
-0.750773	0.230102
-0.750763	0.232143
-0.750753	0.234183
-0.750741	0.236225
-0.750725	0.238265
-0.750706	0.240306
-0.750686	0.242347
-0.750663	0.244387
-0.750636	0.246429
-0.750607	0.248469
-0.750577	0.25051
-0.750543	0.252551
-0.750507	0.254592
-0.750468	0.256632
-0.750426	0.258674
-0.750382	0.260713
-0.750336	0.262755
-0.750287	0.264795
-0.750234	0.266836
-0.75018	0.268876
-0.750121	0.270918
-0.750063	0.272958
-0.75	0.275
-0.745961	0.274957
-0.742004	0.274833
-0.738131	0.274624
-0.73434	0.274334
-0.730633	0.273958
-0.72701	0.2735
-0.723469	0.272958
-0.720012	0.272334
-0.716638	0.271626
-0.713349	0.270834
-0.710142	0.26996
-0.707018	0.269002
-0.703977	0.267961
-0.701021	0.266836
-0.698147	0.265629
-0.695357	0.264338
-0.692649	0.262964
-0.690024	0.261506
-0.687484	0.259964
-0.685026	0.25834
-0.682653	0.256632
-0.680362	0.254841
-0.678154	0.252968
-0.67603	0.25101
-0.673989	0.248968
-0.672032	0.246844
-0.670158	0.244638
-0.668367	0.242347
-0.66666	0.239973
-0.665036	0.237516
-0.663494	0.234975
-0.662035	0.232352
-0.660662	0.229644
-0.65937	0.226854
-0.658162	0.22398
-0.657039	0.221022
-0.655997	0.217981
-0.655039	0.214859
-0.654165	0.211651
-0.653373	0.208362
-0.652665	0.204987
-0.652041	0.201531
-0.6515	0.197991
-0.651041	0.194367
-0.650666	0.190661
-0.650374	0.18687
-0.650166	0.182997
-0.650041	0.17904
-0.65	0.175001
-0.65	0.173981
-0.65	0.172959
-0.65	0.171939
-0.65	0.170919
-0.65	0.169899
-0.65	0.168878
-0.65	0.167857
-0.65	0.166837
-0.65	0.165816
-0.65	0.164796
-0.65	0.163776
-0.65	0.162756
-0.65	0.161735
-0.65	0.160715
-0.65	0.159695
-0.65	0.158674
-0.65	0.157653
-0.65	0.156633
-0.65	0.155613
-0.65	0.154591
-0.65	0.153571
-0.65	0.152552
-0.65	0.151531
-0.65	0.15051
-0.65	0.14949
-0.65	0.14847
-0.65	0.147449
-0.65	0.146429
-0.65	0.145408
-0.65	0.144388
-0.65	0.143367
-0.65	0.142347
-0.65	0.141327
-0.65	0.140306
-0.65	0.139286
-0.65	0.138265
-0.65	0.137245
-0.65	0.136225
-0.65	0.135204
-0.65	0.134184
-0.65	0.133163
-0.65	0.132143
-0.65	0.131123
-0.65	0.130102
-0.65	0.129082
-0.65	0.128061
-0.65	0.127041
-0.65	0.12602
-0.65	0.125
-0.647958	0.122959
-0.645918	0.120918
-0.643876	0.118878
-0.641837	0.116837
-0.639795	0.114796
-0.637755	0.112755
-0.635714	0.110714
-0.633674	0.108674
-0.631632	0.106633
-0.629592	0.104592
-0.627551	0.102551
-0.625511	0.10051
-0.623469	0.0984693
-0.621429	0.0964286
-0.619387	0.0943878
-0.617348	0.0923469
-0.615306	0.0903062
-0.613264	0.0882653
-0.611224	0.0862245
-0.609183	0.0841836
-0.607143	0.0821429
-0.605101	0.0801021
-0.603061	0.0780612
-0.60102	0.0760204
-0.59898	0.0739796
-0.596939	0.0719388
-0.594898	0.0698979
-0.592857	0.0678572
-0.590817	0.0658164
-0.588776	0.0637755
-0.586735	0.0617347
-0.584694	0.0596939
-0.582653	0.0576531
-0.580612	0.0556122
-0.578571	0.0535714
-0.576531	0.0515307
-0.574489	0.0494898
-0.57245	0.047449
-0.570408	0.0454082
-0.568368	0.0433674
-0.566327	0.0413265
-0.564287	0.0392857
-0.562245	0.037245
-0.560205	0.0352041
-0.558164	0.0331634
-0.556123	0.0311225
-0.554082	0.0290817
-0.552042	0.0270408
-0.550001	0.025
-0.54898	0.025
-0.547959	0.025
-0.546939	0.025
-0.545919	0.025
-0.544899	0.025
-0.543878	0.025
-0.542857	0.025
-0.541837	0.025
-0.540816	0.025
-0.539796	0.025
-0.538776	0.025
-0.537756	0.025
-0.536735	0.025
-0.535714	0.025
-0.534694	0.025
-0.533673	0.025
-0.532653	0.025
-0.531633	0.025
-0.530613	0.025
-0.529591	0.025
-0.528571	0.025
-0.527551	0.025
-0.52653	0.025
-0.52551	0.025
-0.52449	0.025
-0.52347	0.025
-0.522449	0.025
-0.521429	0.025
-0.520409	0.025
-0.519387	0.025
-0.518367	0.025
-0.517347	0.025
-0.516327	0.025
-0.515305	0.025
-0.514286	0.025
-0.513266	0.025
-0.512244	0.025
-0.511224	0.025
-0.510204	0.025
-0.509184	0.025
-0.508162	0.025
-0.507142	0.025
-0.506123	0.025
-0.505101	0.025
-0.504081	0.025
-0.503061	0.025
-0.502041	0.025
-0.501019	0.025
-0.499999	0.025
-0.499677	0.0255903
-0.499355	0.0261804
-0.499032	0.0267707
-0.49871	0.0273609
-0.498387	0.027951
-0.498064	0.0285412
-0.497742	0.0291315
-0.49742	0.0297217
-0.497097	0.0303119
-0.496775	0.0309021
-0.496452	0.0314924
-0.49613	0.0320824
-0.495809	0.0326727
-0.495486	0.0332629
-0.495163	0.0338531
-0.494841	0.0344433
-0.494518	0.0350335
-0.494196	0.0356236
-0.493874	0.0362139
-0.493551	0.0368042
-0.493228	0.0373944
-0.492906	0.0379845
-0.492583	0.0385747
-0.492261	0.039165
-0.491939	0.0397551
-0.491616	0.0403454
-0.491294	0.0409356
-0.490971	0.0415257
-0.490648	0.0421159
-0.490326	0.0427062
-0.490003	0.0432965
-0.489681	0.0438866
-0.489359	0.0444768
-0.489036	0.045067
-0.488714	0.0456572
-0.488391	0.0462474
-0.48807	0.0468376
-0.487748	0.0474278
-0.487425	0.048018
-0.487102	0.0486082
-0.48678	0.0491984
-0.486457	0.0497886
-0.486135	0.0503789
-0.485813	0.0509691
-0.48549	0.0515592
-0.485167	0.0521494
-0.484845	0.0527397
-0.484522	0.0533298
-0.4842	0.05392
-0.488052	0.0613616
-0.491824	0.0687931
-0.495517	0.0762147
-0.499133	0.0836262
-0.502667	0.0910278
-0.506121	0.0984194
-0.509497	0.105801
-0.512793	0.113173
-0.516011	0.120534
-0.519147	0.127886
-0.522205	0.135227
-0.525183	0.142559
-0.528083	0.149881
-0.530903	0.157193
-0.533643	0.164494
-0.536303	0.171786
-0.538884	0.179067
-0.541386	0.186339
-0.543809	0.1936
-0.546152	0.200853
-0.548415	0.208095
-0.5506	0.215327
-0.552705	0.222549
-0.55473	0.22976
-0.556675	0.236963
-0.558543	0.244153
-0.56033	0.251336
-0.562037	0.258507
-0.563666	0.26567
-0.565214	0.272821
-0.566684	0.279963
-0.568074	0.287096
-0.569384	0.294218
-0.570615	0.301329
-0.571767	0.308431
-0.572839	0.315524
-0.573832	0.322605
-0.574744	0.329678
-0.575578	0.336739
-0.576334	0.343791
-0.577009	0.350834
-0.577605	0.357866
-0.578121	0.364887
-0.578558	0.371899
-0.578914	0.378902
-0.579194	0.385895
-0.579392	0.392876
-0.579511	0.399849
-0.579551	0.40681
-0.579522	0.409566
-0.579437	0.412263
-0.579294	0.414905
-0.579094	0.417489
-0.578838	0.420017
-0.578526	0.422487
-0.578157	0.424902
-0.57773	0.427258
-0.577246	0.429559
-0.576707	0.431804
-0.576111	0.433991
-0.575457	0.43612
-0.574746	0.438194
-0.57398	0.440209
-0.573156	0.44217
-0.572275	0.444072
-0.571338	0.445918
-0.570344	0.447708
-0.569294	0.44944
-0.568185	0.451116
-0.567021	0.452735
-0.5658	0.454296
-0.564522	0.455802
-0.563187	0.45725
-0.561795	0.458642
-0.560346	0.459977
-0.558841	0.461255
-0.557279	0.462476
-0.55566	0.463639
-0.553984	0.464748
-0.552252	0.465798
-0.550464	0.466792
-0.548617	0.46773
-0.546716	0.46861
-0.544755	0.469434
-0.542739	0.470201
-0.540666	0.470912
-0.538536	0.471564
-0.536349	0.472161
-0.534107	0.472699
-0.531805	0.473182
-0.529449	0.473608
-0.527035	0.473978
-0.524565	0.474291
-0.522037	0.474546
-0.519453	0.474745
-0.516813	0.474886
-0.514115	0.474972
-0.51136	0.475
-0.509968	0.475
-0.508578	0.475
-0.507186	0.475
-0.505794	0.475
-0.504404	0.475
-0.503011	0.475
-0.501621	0.475
-0.500229	0.475
-0.498837	0.475
-0.497447	0.475
-0.496055	0.475
-0.494663	0.475
-0.493272	0.475
-0.49188	0.475
-0.490489	0.475
-0.489097	0.475
-0.487706	0.475
-0.486315	0.475
-0.484923	0.475
-0.483531	0.475
-0.482141	0.475
-0.480748	0.475
-0.479356	0.475
-0.477966	0.475
-0.476574	0.475
-0.475183	0.475
-0.473792	0.475
-0.4724	0.475
-0.471009	0.475
-0.469617	0.475
-0.468225	0.475
-0.466835	0.475
-0.465442	0.475
-0.464051	0.475
-0.46266	0.475
-0.461268	0.475
-0.459877	0.475
-0.458485	0.475
-0.457094	0.475
-0.455703	0.475
-0.454311	0.475
-0.452919	0.475
-0.451528	0.475
-0.450136	0.475
-0.448746	0.475
-0.447354	0.475
-0.445962	0.475
-0.444572	0.475
-0.44318	0.475
-0.441816	0.474987
-0.440511	0.474943
-0.439262	0.474873
-0.438069	0.474774
-0.436932	0.474645
-0.435854	0.474489
-0.434831	0.474305
-0.433866	0.474091
-0.432957	0.47385
-0.432105	0.47358
-0.43131	0.473283
-0.430572	0.472956
-0.429891	0.4726
-0.429266	0.472218
-0.428697	0.471805
-0.428187	0.471366
-0.427732	0.470897
-0.427335	0.4704
-0.426994	0.469875
-0.426709	0.469322
-0.426483	0.46874
-0.426312	0.468129
-0.4262	0.46749
-0.426142	0.466823
-0.426142	0.466126
-0.4262	0.465402
-0.426312	0.464651
-0.426483	0.463869
-0.426709	0.463059
-0.426994	0.462222
-0.427335	0.461356
-0.427732	0.460461
-0.428187	0.459538
-0.428697	0.458588
-0.429266	0.457608
-0.429891	0.4566
-0.430572	0.455564
-0.43131	0.454499
-0.432105	0.453405
-0.432957	0.452283
-0.433866	0.451132
-0.434831	0.449955
-0.435854	0.448748
-0.436932	0.447513
-0.438069	0.446249
-0.439262	0.444957
-0.440511	0.443635
-0.441816	0.442287
-0.44318	0.44091
-0.443875	0.440214
-0.444572	0.439518
-0.445266	0.438824
-0.445962	0.438128
-0.446658	0.437432
-0.447354	0.436735
-0.44805	0.436039
-0.448746	0.435343
-0.44944	0.434649
-0.450136	0.433953
-0.450833	0.433257
-0.451528	0.432561
-0.452225	0.431865
-0.452919	0.431171
-0.453615	0.430474
-0.454311	0.429779
-0.455007	0.429083
-0.455703	0.428387
-0.456399	0.427691
-0.457094	0.426996
-0.457789	0.4263
-0.458485	0.425604
-0.459181	0.424908
-0.459877	0.424212
-0.460572	0.423517
-0.461268	0.422821
-0.461964	0.422125
-0.46266	0.42143
-0.463356	0.420733
-0.464051	0.420039
-0.464747	0.419343
-0.465442	0.418647
-0.466139	0.417951
-0.466835	0.417255
-0.46753	0.416559
-0.468225	0.415865
-0.468921	0.415168
-0.469617	0.414472
-0.470313	0.413776
-0.471009	0.41308
-0.471703	0.412386
-0.4724	0.41169
-0.473096	0.410994
-0.473792	0.410298
-0.474488	0.409602
-0.475183	0.408906
-0.475878	0.408212
-0.476574	0.407516
-0.47727	0.40682
-0.477174	0.40261
-0.47689	0.398331
-0.476425	0.393987
-0.475782	0.389578
-0.474967	0.385111
-0.473985	0.380587
-0.472843	0.376009
-0.471545	0.371381
-0.470095	0.366703
-0.468502	0.361982
-0.466768	0.357219
-0.4649	0.352416
-0.462903	0.347579
-0.460782	0.342708
-0.458542	0.337807
-0.456189	0.33288
-0.453729	0.327929
-0.451165	0.322956
-0.448506	0.317967
-0.445754	0.312963
-0.442916	0.307947
-0.439997	0.302924
-0.437001	0.297893
-0.433935	0.29286
-0.430804	0.287828
-0.427614	0.282798
-0.424368	0.277776
-0.421074	0.272763
-0.417736	0.267762
-0.41436	0.262777
-0.41095	0.25781
-0.407512	0.252866
-0.404054	0.247944
-0.400577	0.243051
-0.397087	0.238188
-0.393593	0.233358
-0.390097	0.228566
-0.386605	0.223812
-0.383123	0.219102
-0.379656	0.214437
-0.376208	0.20982
-0.372786	0.205255
-0.369396	0.200745
-0.366042	0.196293
-0.362729	0.191901
-0.359463	0.187574
-0.356248	0.183312
-0.353092	0.17912
-0.35	0.175001
-0.349932	0.179713
-0.349867	0.184399
-0.349806	0.18906
-0.349747	0.193695
-0.349692	0.198302
-0.349638	0.202884
-0.349588	0.207438
-0.349541	0.211968
-0.349496	0.216469
-0.349454	0.220947
-0.349415	0.225396
-0.349378	0.229819
-0.349344	0.234218
-0.349314	0.238589
-0.349286	0.242932
-0.34926	0.247251
-0.349237	0.251543
-0.349218	0.255808
-0.349201	0.260049
-0.349188	0.264261
-0.349176	0.268449
-0.349168	0.272609
-0.349163	0.276743
-0.34916	0.280851
-0.34916	0.284933
-0.349163	0.288988
-0.349168	0.293017
-0.349176	0.297019
-0.349188	0.300996
-0.349201	0.304945
-0.349218	0.30887
-0.349237	0.312768
-0.34926	0.316638
-0.349286	0.320484
-0.349314	0.324302
-0.349344	0.328095
-0.349378	0.33186
-0.349415	0.335599
-0.349454	0.339313
-0.349496	0.343001
-0.349541	0.346661
-0.349588	0.350295
-0.349638	0.353904
-0.349692	0.357486
-0.349747	0.361041
-0.349806	0.364571
-0.349867	0.368073
-0.349932	0.37155
-0.35	0.375
-0.350013	0.377529
-0.349955	0.3801
-0.349827	0.382709
-0.349629	0.38535
-0.349362	0.388022
-0.349027	0.390719
-0.348626	0.393436
-0.348158	0.396172
-0.347624	0.398922
-0.347025	0.401682
-0.346362	0.404447
-0.345637	0.407214
-0.344849	0.409978
-0.344	0.412739
-0.343091	0.415486
-0.34212	0.418222
-0.341091	0.420941
-0.340004	0.423636
-0.338859	0.426307
-0.337659	0.428948
-0.336402	0.431554
-0.33509	0.434125
-0.333723	0.436653
-0.332304	0.439137
-0.330831	0.441572
-0.329307	0.443952
-0.327732	0.446275
-0.326106	0.448539
-0.324432	0.450736
-0.322709	0.452866
-0.320939	0.454922
-0.31912	0.456902
-0.317256	0.4588
-0.315346	0.460614
-0.313393	0.46234
-0.311395	0.463974
-0.309356	0.46551
-0.307273	0.466947
-0.30515	0.468279
-0.302985	0.469503
-0.300782	0.470614
-0.298539	0.47161
-0.296257	0.472487
-0.29394	0.473238
-0.291585	0.473862
-0.289195	0.474354
-0.286771	0.474711
-0.284311	0.474927
-0.28182	0.475
-0.280428	0.475
-0.279037	0.475
-0.277645	0.475
-0.276255	0.475
-0.274863	0.475
-0.273471	0.475
-0.272081	0.475
-0.270688	0.475
-0.269296	0.475
-0.267906	0.475
-0.266514	0.475
-0.265123	0.475
-0.263732	0.475
-0.26234	0.475
-0.260949	0.475
-0.259557	0.475
-0.258166	0.475
-0.256775	0.475
-0.255382	0.475
-0.253992	0.475
-0.2526	0.475
-0.25121	0.475
-0.249817	0.475
-0.248425	0.475
-0.247035	0.475
-0.245643	0.475
-0.244251	0.475
-0.24286	0.475
-0.241469	0.475
-0.240078	0.475
-0.238686	0.475
-0.237294	0.475
-0.235903	0.475
-0.234512	0.475
-0.233121	0.475
-0.231729	0.475
-0.230337	0.475
-0.228946	0.475
-0.227554	0.475
-0.226164	0.475
-0.224772	0.475
-0.22338	0.475
-0.22199	0.475
-0.220598	0.475
-0.219205	0.475
-0.217815	0.475
-0.216423	0.475
-0.215033	0.475
-0.213641	0.475
-0.212277	0.474987
-0.210971	0.474943
-0.209721	0.474873
-0.208529	0.474774
-0.207393	0.474645
-0.206315	0.474489
-0.205292	0.474305
-0.204327	0.474091
-0.203418	0.47385
-0.202566	0.47358
-0.201771	0.473283
-0.201033	0.472956
-0.20035	0.4726
-0.199726	0.472218
-0.199158	0.471805
-0.198647	0.471366
-0.198192	0.470897
-0.197795	0.4704
-0.197454	0.469875
-0.197171	0.469322
-0.196942	0.46874
-0.196773	0.468129
-0.196659	0.46749
-0.196602	0.466823
-0.196602	0.466126
-0.196659	0.465402
-0.196773	0.464651
-0.196942	0.463869
-0.197171	0.463059
-0.197454	0.462222
-0.197795	0.461356
-0.198192	0.460461
-0.198647	0.459538
-0.199158	0.458588
-0.199726	0.457608
-0.20035	0.4566
-0.201033	0.455564
-0.201771	0.454499
-0.202566	0.453405
-0.203418	0.452283
-0.204327	0.451132
-0.205292	0.449955
-0.206315	0.448748
-0.207393	0.447513
-0.208529	0.446249
-0.209721	0.444957
-0.210971	0.443635
-0.212277	0.442287
-0.213641	0.44091
-0.214336	0.440214
-0.215033	0.439518
-0.215727	0.438824
-0.216423	0.438128
-0.217119	0.437432
-0.217815	0.436735
-0.218511	0.436039
-0.219205	0.435343
-0.219902	0.434649
-0.220598	0.433953
-0.221293	0.433257
-0.22199	0.432561
-0.222684	0.431865
-0.22338	0.431171
-0.224076	0.430474
-0.224772	0.429779
-0.225468	0.429083
-0.226162	0.428387
-0.226859	0.427691
-0.227554	0.426996
-0.22825	0.4263
-0.228946	0.425604
-0.229641	0.424908
-0.230337	0.424212
-0.231033	0.423517
-0.231729	0.422821
-0.232424	0.422125
-0.233119	0.42143
-0.233815	0.420733
-0.234512	0.420039
-0.235208	0.419343
-0.235902	0.418647
-0.236598	0.417951
-0.237294	0.417255
-0.23799	0.416559
-0.238686	0.415865
-0.23938	0.415168
-0.240076	0.414472
-0.240773	0.413776
-0.241469	0.41308
-0.242165	0.412386
-0.242859	0.41169
-0.243555	0.410994
-0.244251	0.410298
-0.244947	0.409602
-0.245643	0.408906
-0.246338	0.408212
-0.247034	0.407516
-0.247729	0.40682
-0.248958	0.404428
-0.250095	0.401896
-0.251139	0.399227
-0.252093	0.396414
-0.252954	0.393464
-0.253723	0.390372
-0.254402	0.387141
-0.254988	0.383769
-0.255482	0.380259
-0.255883	0.376606
-0.256196	0.372816
-0.256414	0.368885
-0.256541	0.364814
-0.256576	0.360602
-0.25652	0.35625
-0.256373	0.351759
-0.256132	0.347129
-0.255801	0.342357
-0.255377	0.337444
-0.254862	0.332394
-0.254254	0.327203
-0.253555	0.321871
-0.252765	0.3164
-0.251883	0.310788
-0.25091	0.305037
-0.249843	0.299145
-0.248685	0.293114
-0.247435	0.286942
-0.246094	0.280631
-0.244662	0.274179
-0.243138	0.267588
-0.241521	0.260856
-0.239812	0.253985
-0.238013	0.246973
-0.236121	0.239821
-0.234137	0.23253
-0.232062	0.225099
-0.229895	0.217527
-0.227635	0.209815
-0.225285	0.201965
-0.222843	0.193973
-0.220308	0.185841
-0.217683	0.17757
-0.214965	0.169158
-0.212155	0.160606
-0.209254	0.151916
-0.20626	0.143083
-0.203176	0.134112
-0.199999	0.125
-0.192342	0.125062
-0.184935	0.125243
-0.177764	0.125539
-0.170818	0.125945
-0.164086	0.126456
-0.157556	0.127065
-0.151215	0.12777
-0.145052	0.128563
-0.139056	0.129441
-0.133214	0.130397
-0.127514	0.131428
-0.121946	0.132528
-0.116497	0.133691
-0.111154	0.134913
-0.105908	0.136188
-0.100744	0.137512
-0.095653	0.138879
-0.0906216	0.140284
-0.0856385	0.141723
-0.0806916	0.14319
-0.0757695	0.144679
-0.07086	0.146187
-0.0659515	0.147707
-0.0610323	0.149235
-0.0560904	0.150765
-0.051114	0.152293
-0.0460914	0.153813
-0.0410107	0.155321
-0.0358602	0.15681
-0.0306281	0.158277
-0.0253024	0.159716
-0.0198715	0.161121
-0.0143235	0.162489
-0.00864666	0.163812
-0.00282911	0.165088
0.00314095	0.166309
0.00927531	0.167473
0.0155858	0.168573
0.0220842	0.169604
0.0287823	0.170559
0.0356919	0.171438
0.0428247	0.172232
0.0501929	0.172935
0.0578079	0.173545
0.0656816	0.174056
0.0738258	0.17446
0.0822525	0.174758
0.0909733	0.174939
0.1	0.175001
0.100742	0.179731
0.101484	0.184463
0.102226	0.189193
0.102968	0.193924
0.10371	0.198655
0.104452	0.203386
0.105194	0.208118
0.105936	0.212848
0.106678	0.217579
0.10742	0.222311
0.108162	0.227042
0.108905	0.231773
0.109647	0.236504
0.110389	0.241234
0.111131	0.245966
0.111873	0.250696
0.112615	0.255427
0.113357	0.260159
0.114099	0.264889
0.114841	0.26962
0.115583	0.274352
0.116325	0.279083
0.117067	0.283813
0.117809	0.288544
0.118551	0.293276
0.119293	0.298006
0.120035	0.302737
0.120777	0.307468
0.121519	0.3122
0.122261	0.316931
0.123003	0.321661
0.123745	0.326393
0.124487	0.331124
0.125229	0.335855
0.125972	0.340585
0.126714	0.345317
0.127456	0.350047
0.128198	0.354778
0.12894	0.359509
0.129682	0.36424
0.130424	0.368972
0.131166	0.373702
0.131908	0.378433
0.13265	0.383164
0.133392	0.387896
0.134134	0.392626
0.134876	0.397358
0.135618	0.402088
0.13636	0.40682
0.136832	0.409687
0.137338	0.412492
0.137879	0.415237
0.138454	0.417919
0.139064	0.420542
0.139708	0.4231
0.140387	0.4256
0.1411	0.428036
0.141847	0.430412
0.14263	0.432724
0.143446	0.434978
0.144297	0.437168
0.145182	0.439298
0.146102	0.441366
0.147056	0.443371
0.148045	0.445317
0.149068	0.447199
0.150126	0.449022
0.151218	0.450781
0.152344	0.452481
0.153505	0.454119
0.154701	0.455694
0.155931	0.457209
0.157195	0.458663
0.158493	0.460053
0.159827	0.461384
0.161195	0.462651
0.162597	0.463858
0.164032	0.465004
0.165504	0.466087
0.16701	0.46711
0.168549	0.468072
0.170124	0.468971
0.171733	0.469809
0.173376	0.470586
0.175055	0.471302
0.176766	0.471954
0.178512	0.472546
0.180294	0.473078
0.182109	0.473546
0.18396	0.473954
0.185844	0.4743
0.187762	0.474585
0.189716	0.474807
0.191704	0.474969
0.193726	0.47507
0.195783	0.475107
0.197874	0.475084
0.199999	0.475
0.203061	0.475
0.206123	0.475
0.209182	0.475
0.212244	0.475
0.215305	0.475
0.218367	0.475
0.221429	0.475
0.22449	0.475
0.22755	0.475
0.230611	0.475
0.233673	0.475
0.236734	0.475
0.239796	0.475
0.242856	0.475
0.245918	0.475
0.248979	0.475
0.252041	0.475
0.255102	0.475
0.258163	0.475
0.261223	0.475
0.264285	0.475
0.267346	0.475
0.270408	0.475
0.27347	0.475
0.276529	0.475
0.279591	0.475
0.282652	0.475
0.285714	0.475
0.288775	0.475
0.291836	0.475
0.294897	0.475
0.297959	0.475
0.30102	0.475
0.304082	0.475
0.307143	0.475
0.310203	0.475
0.313265	0.475
0.316326	0.475
0.319387	0.475
0.322449	0.475
0.325509	0.475
0.32857	0.475
0.331632	0.475
0.334693	0.475
0.337755	0.475
0.340816	0.475
0.343877	0.475
0.346938	0.475
0.35	0.475
0.352121	0.474962
0.354303	0.474846
0.35654	0.474654
0.358824	0.474387
0.361146	0.474045
0.363499	0.47363
0.365877	0.473141
0.36827	0.47258
0.370669	0.471948
0.373069	0.471245
0.375462	0.470473
0.377839	0.469632
0.380193	0.468723
0.382515	0.467747
0.3848	0.466704
0.387038	0.465597
0.38922	0.464424
0.391342	0.463188
0.393395	0.461888
0.395369	0.460525
0.397257	0.459102
0.399054	0.457618
0.400749	0.456075
0.402336	0.454472
0.403806	0.452811
0.405153	0.451094
0.406368	0.449319
0.407445	0.447488
0.408372	0.445604
0.409146	0.443664
0.409756	0.441671
0.410197	0.439626
0.410459	0.437529
0.410535	0.435383
0.410418	0.433185
0.410099	0.430938
0.40957	0.428644
0.408825	0.426301
0.407855	0.423913
0.406653	0.421479
0.40521	0.418999
0.40352	0.416475
0.401572	0.413909
0.399363	0.411299
0.396882	0.408646
0.394122	0.405954
0.391074	0.403221
0.387734	0.400451
0.38409	0.39764
0.383394	0.397177
0.382698	0.396715
0.382003	0.396253
0.381308	0.395792
0.380611	0.39533
0.379915	0.394868
0.37922	0.394405
0.378524	0.393944
0.377829	0.393482
0.377133	0.393019
0.376437	0.392558
0.375741	0.392095
0.375045	0.391634
0.374351	0.391172
0.373655	0.39071
0.372958	0.390247
0.372262	0.389786
0.371566	0.389323
0.37087	0.388861
0.370176	0.3884
0.36948	0.387937
0.368784	0.387476
0.368088	0.387014
0.367392	0.386552
0.366698	0.386088
0.366001	0.385626
0.365306	0.385164
0.36461	0.384702
0.363914	0.38424
0.363219	0.383778
0.362523	0.383316
0.361827	0.382854
0.361131	0.382392
0.360435	0.38193
0.359739	0.381468
0.359044	0.381006
0.358349	0.380544
0.357653	0.380082
0.356957	0.37962
0.35626	0.379158
0.355566	0.378696
0.35487	0.378234
0.354174	0.377772
0.353478	0.37731
0.352782	0.376848
0.352086	0.376386
0.351391	0.375924
0.350695	0.375462
0.35	0.375
0.35	0.370918
0.35	0.366837
0.35	0.362756
0.35	0.358674
0.35	0.354592
0.35	0.350511
0.35	0.346428
0.35	0.342346
0.35	0.338265
0.35	0.334183
0.35	0.330102
0.35	0.326021
0.35	0.321939
0.35	0.317858
0.35	0.313776
0.35	0.309694
0.35	0.305613
0.35	0.301532
0.35	0.297449
0.35	0.293367
0.35	0.289285
0.35	0.285204
0.35	0.281122
0.35	0.277041
0.35	0.27296
0.35	0.268878
0.35	0.264796
0.35	0.260715
0.35	0.256633
0.35	0.252552
0.35	0.248469
0.35	0.244387
0.35	0.240306
0.35	0.236225
0.35	0.232143
0.35	0.228062
0.35	0.22398
0.35	0.219898
0.35	0.215817
0.35	0.211736
0.35	0.207654
0.35	0.203572
0.35	0.199489
0.35	0.195408
0.35	0.191327
0.35	0.187245
0.35	0.183163
0.35	0.179082
0.35	0.175001
0.357379	0.173865
0.364652	0.172567
0.371811	0.171111
0.37886	0.169498
0.385792	0.167733
0.39261	0.165815
0.399311	0.163747
0.405889	0.161533
0.412347	0.159175
0.418682	0.156676
0.424891	0.154038
0.430974	0.151263
0.436926	0.148354
0.442749	0.145312
0.448438	0.142142
0.453995	0.138844
0.459414	0.135423
0.464695	0.131879
0.469836	0.128215
0.474837	0.124435
0.479692	0.120541
0.484404	0.116534
0.488967	0.112417
0.493382	0.108194
0.497646	0.103866
0.501757	0.0994353
0.505715	0.0949053
0.509514	0.0902778
0.513157	0.0855556
0.516639	0.0807411
0.51996	0.0758367
0.523118	0.070845
0.52611	0.0657683
0.528935	0.060609
0.53159	0.0553698
0.534075	0.0500531
0.536386	0.0446612
0.538524	0.0391966
0.540486	0.0336621
0.542269	0.0280598
0.543871	0.0223921
0.545293	0.0166618
0.546531	0.0108714
0.547584	0.00502296
0.54845	-0.000880787
0.549125	-0.00683742
0.549611	-0.0128445
0.549903	-0.0188996
0.550001	-0.025
0.552042	-0.025
0.554082	-0.025
0.556123	-0.025
0.558164	-0.025
0.560205	-0.025
0.562245	-0.025
0.564287	-0.025
0.566327	-0.025
0.568368	-0.025
0.570408	-0.025
0.57245	-0.025
0.574489	-0.025
0.576531	-0.025
0.578571	-0.025
0.580612	-0.025
0.582653	-0.025
0.584694	-0.025
0.586735	-0.025
0.588776	-0.025
0.590817	-0.025
0.592857	-0.025
0.594898	-0.025
0.596939	-0.025
0.59898	-0.025
0.60102	-0.025
0.603061	-0.025
0.605101	-0.025
0.607143	-0.025
0.609183	-0.025
0.611224	-0.025
0.613264	-0.025
0.615306	-0.025
0.617348	-0.025
0.619387	-0.025
0.621429	-0.025
0.623469	-0.025
0.625511	-0.025
0.627551	-0.025
0.629592	-0.025
0.631632	-0.025
0.633674	-0.025
0.635714	-0.025
0.637755	-0.025
0.639795	-0.025
0.641837	-0.025
0.643876	-0.025
0.645918	-0.025
0.647958	-0.025
0.65	-0.025
0.652011	-0.0250005
0.654106	-0.0250035
0.656281	-0.0250114
0.658528	-0.0250272
0.660844	-0.0250532
0.663223	-0.0250918
0.665659	-0.0251459
0.668148	-0.0252177
0.670683	-0.0253098
0.67326	-0.025425
0.675873	-0.0255657
0.678519	-0.0257344
0.681189	-0.0259338
0.68388	-0.0261663
0.686588	-0.0264344
0.689304	-0.0267408
0.692025	-0.0270881
0.694746	-0.0274787
0.697461	-0.027915
0.700164	-0.0284
0.702852	-0.0289359
0.705518	-0.0295254
0.708156	-0.030171
0.710763	-0.0308751
0.713333	-0.0316406
0.715859	-0.0324697
0.718337	-0.0333652
0.720761	-0.0343294
0.723127	-0.0353652
0.72543	-0.0364749
0.727662	-0.0376609
0.72982	-0.0389262
0.7319	-0.040273
0.733893	-0.0417039
0.735796	-0.0432216
0.737605	-0.0448286
0.739311	-0.0465272
0.740913	-0.0483202
0.742401	-0.0502103
0.743773	-0.0521996
0.745024	-0.054291
0.746148	-0.0564869
0.747138	-0.05879
0.74799	-0.0612026
0.748699	-0.0637275
0.74926	-0.0663672
0.749668	-0.069124
0.749916	-0.0720009
0.75	-0.075
0.75	-0.0770409
0.75	-0.0790817
0.75	-0.0811226
0.75	-0.0831633
0.75	-0.0852042
0.75	-0.087245
0.75	-0.0892858
0.75	-0.0913266
0.75	-0.0933675
0.75	-0.0954083
0.75	-0.0974491
0.75	-0.0994899
0.75	-0.101531
0.75	-0.103572
0.75	-0.105612
0.75	-0.107653
0.75	-0.109694
0.75	-0.111735
0.75	-0.113776
0.75	-0.115817
0.75	-0.117857
0.75	-0.119898
0.75	-0.121939
0.75	-0.12398
0.75	-0.126021
0.75	-0.128061
0.75	-0.130102
0.75	-0.132143
0.75	-0.134184
0.75	-0.136225
0.75	-0.138266
0.75	-0.140306
0.75	-0.142347
0.75	-0.144388
0.75	-0.146429
0.75	-0.14847
0.75	-0.15051
0.75	-0.152552
0.75	-0.154591
0.75	-0.156633
0.75	-0.158674
0.75	-0.160715
0.75	-0.162756
0.75	-0.164796
0.75	-0.166837
0.75	-0.168878
0.75	-0.170919
0.75	-0.172959
0.75	-0.175001
0.746521	-0.178432
0.743043	-0.181865
0.739564	-0.185297
0.736086	-0.18873
0.732607	-0.192162
0.729129	-0.195594
0.72565	-0.199026
0.722172	-0.202458
0.718694	-0.20589
0.715215	-0.209323
0.711736	-0.212755
0.708258	-0.216188
0.704778	-0.219619
0.701299	-0.223052
0.697821	-0.226484
0.694342	-0.229917
0.690864	-0.233349
0.687385	-0.236781
0.683907	-0.240213
0.680428	-0.243645
0.67695	-0.247077
0.673472	-0.25051
0.669993	-0.253943
0.666515	-0.257375
0.663036	-0.260806
0.659558	-0.264239
0.656079	-0.26767
0.6526	-0.271104
0.649122	-0.274536
0.645644	-0.277968
0.642165	-0.2814
0.638686	-0.284832
0.635208	-0.288264
0.63173	-0.291697
0.628251	-0.29513
0.624773	-0.298561
0.621293	-0.301994
0.617814	-0.305426
0.614336	-0.308858
0.610857	-0.312291
0.607378	-0.315723
0.6039	-0.319155
0.600421	-0.322587
0.596943	-0.326019
0.593465	-0.329451
0.589986	-0.332885
0.586507	-0.336317
0.583029	-0.339749
0.579551	-0.34318
0.574977	-0.347697
0.570452	-0.35217
0.565972	-0.356596
0.561532	-0.360978
0.557133	-0.365309
0.552766	-0.369588
0.548433	-0.373815
0.544126	-0.377985
0.539844	-0.382096
0.535584	-0.38615
0.531342	-0.390141
0.527114	-0.394066
0.522897	-0.397927
0.518688	-0.40172
0.514482	-0.405441
0.510279	-0.409089
0.506073	-0.412663
0.501861	-0.416161
0.497639	-0.41958
0.493405	-0.422918
0.489156	-0.426173
0.484887	-0.429342
0.480595	-0.432423
0.476278	-0.435416
0.471931	-0.438316
0.467552	-0.441124
0.463136	-0.443837
0.45868	-0.446449
0.454182	-0.448963
0.449637	-0.451375
0.445043	-0.453682
0.440395	-0.455885
0.435692	-0.457977
0.430928	-0.45996
0.4261	-0.461829
0.421208	-0.463584
0.416244	-0.465222
0.411209	-0.466742
0.406095	-0.46814
0.4009	-0.469415
0.395624	-0.470565
0.390261	-0.471586
0.384807	-0.472481
0.379258	-0.473241
0.373614	-0.473869
0.36787	-0.474361
0.362022	-0.474716
0.356066	-0.474928
0.35	-0.475
0.341199	-0.47493
0.332588	-0.474719
0.324163	-0.474367
0.315922	-0.47388
0.307862	-0.473257
0.29998	-0.4725
0.292273	-0.471609
0.284739	-0.470589
0.277374	-0.469438
0.270176	-0.468161
0.26314	-0.466756
0.256266	-0.465226
0.24955	-0.463575
0.242989	-0.461802
0.23658	-0.459909
0.230322	-0.457899
0.224208	-0.45577
0.21824	-0.453528
0.212411	-0.451173
0.206721	-0.448704
0.201165	-0.446127
0.195741	-0.44344
0.190447	-0.440647
0.18528	-0.437748
0.180235	-0.434747
0.175313	-0.431642
0.170507	-0.428436
0.165816	-0.425133
0.161238	-0.421731
0.156768	-0.418234
0.152406	-0.414642
0.148146	-0.410958
0.143987	-0.407184
0.139926	-0.40332
0.13596	-0.399367
0.132085	-0.39533
0.1283	-0.391206
0.124602	-0.387001
0.120986	-0.382713
0.117451	-0.378346
0.113994	-0.373902
0.110612	-0.369381
0.107302	-0.364783
0.10406	-0.360114
0.100885	-0.355372
0.0977736	-0.35056
0.0947225	-0.345679
0.0917287	-0.340732
