0.105911	0.75
0.0964554	0.754089
0.0867348	0.757971
0.0767647	0.761648
0.0665607	0.765118
0.0561384	0.768382
0.0455136	0.77144
0.0347017	0.77429
0.0237188	0.776934
0.0125803	0.77937
0.00130188	0.781599
-0.0101007	0.783621
-0.0216117	0.785434
-0.0332155	0.787041
-0.0448965	0.788439
-0.056639	0.789628
-0.0684272	0.790609
-0.0802455	0.791384
-0.0920783	0.791948
-0.10391	0.792303
-0.115724	0.792448
-0.127506	0.792385
-0.139239	0.792112
-0.150909	0.791631
-0.162499	0.790938
-0.173994	0.790037
-0.185376	0.788925
-0.196634	0.787602
-0.207749	0.786069
-0.218704	0.784326
-0.229486	0.78237
-0.24008	0.780205
-0.250467	0.777828
-0.260634	0.77524
-0.270566	0.77244
-0.280243	0.769428
-0.289654	0.766204
-0.298781	0.762769
-0.307609	0.759122
-0.316122	0.755261
-0.324304	0.751188
-0.332141	0.746903
-0.339615	0.742403
-0.346712	0.737691
-0.353415	0.732765
-0.359709	0.727626
-0.365578	0.722274
-0.371007	0.716706
-0.375981	0.710927
-0.380483	0.704931
-0.380483	0.704931
-0.382277	0.702822
-0.384033	0.70067
-0.38575	0.698475
-0.387431	0.696238
-0.389073	0.693963
-0.390675	0.691648
-0.392238	0.689296
-0.393762	0.686907
-0.395247	0.684481
-0.396691	0.682022
-0.398095	0.679527
-0.39946	0.677001
-0.400784	0.674442
-0.402066	0.671852
-0.403307	0.669231
-0.404506	0.666582
-0.405663	0.663905
-0.406779	0.6612
-0.407852	0.65847
-0.408882	0.655714
-0.409871	0.652937
-0.410816	0.650133
-0.411716	0.64731
-0.412573	0.644464
-0.413386	0.641599
-0.414156	0.638715
-0.414881	0.635813
-0.415561	0.632892
-0.416196	0.629957
-0.416786	0.627006
-0.41733	0.624042
-0.417828	0.621065
-0.418281	0.618075
-0.418686	0.615074
-0.419044	0.612063
-0.419358	0.609043
-0.419622	0.606015
-0.41984	0.60298
-0.420009	0.599939
-0.420132	0.596893
-0.420206	0.593843
-0.420229	0.590789
-0.420207	0.587733
-0.420133	0.584677
-0.420011	0.58162
-0.41984	0.578565
-0.419618	0.575511
-0.419346	0.572458
-0.419023	0.569412
-0.418619	0.565898
-0.418119	0.562412
-0.417531	0.558954
-0.416861	0.555522
-0.416112	0.552115
-0.415289	0.548732
-0.414397	0.545368
-0.413444	0.542026
-0.41243	0.538702
-0.411362	0.535395
-0.410245	0.532104
-0.409086	0.528826
-0.407887	0.525562
-0.406654	0.522311
-0.405391	0.519066
-0.404106	0.515832
-0.402801	0.512603
-0.401481	0.509381
-0.400152	0.50616
-0.39882	0.502944
-0.397486	0.499728
-0.39616	0.49651
-0.394844	0.493291
-0.393543	0.490069
-0.392262	0.486841
-0.391006	0.483607
-0.389781	0.480364
-0.388591	0.477112
-0.387443	0.47385
-0.386337	0.470574
-0.385282	0.467284
-0.384284	0.463979
-0.383343	0.460658
-0.382468	0.457317
-0.381663	0.453955
-0.380933	0.450574
-0.380281	0.447169
-0.379715	0.44374
-0.379239	0.440284
-0.378856	0.436801
-0.378573	0.43329
-0.378395	0.429748
-0.378326	0.426176
-0.37837	0.422568
-0.378536	0.418928
-0.378824	0.415249
-0.379241	0.411534
-0.379792	0.407778
-0.380483	0.403983
-0.380907	0.395691
-0.381421	0.387444
-0.38202	0.379241
-0.382694	0.371078
-0.38344	0.362955
-0.38425	0.354873
-0.385119	0.346827
-0.38604	0.338819
-0.387006	0.330846
-0.388012	0.322908
-0.389052	0.315001
-0.390119	0.307128
-0.391206	0.299283
-0.392309	0.29147
-0.393419	0.283683
-0.39453	0.275922
-0.395639	0.268188
-0.396736	0.260478
-0.397816	0.252791
-0.398876	0.245124
-0.399904	0.237478
-0.400897	0.229853
-0.401848	0.222244
-0.402751	0.214653
-0.403602	0.207078
-0.40439	0.199515
-0.405112	0.191967
-0.40576	0.18443
-0.40633	0.176902
-0.406815	0.169384
-0.407208	0.161874
-0.407502	0.154371
-0.407693	0.146874
-0.407772	0.13938
-0.407734	0.13189
-0.407574	0.124401
-0.407285	0.116912
-0.406859	0.109423
-0.406292	0.101932
-0.405576	0.0944368
-0.404707	0.0869376
-0.403677	0.0794325
-0.40248	0.0719203
-0.401111	0.0643998
-0.399561	0.0568696
-0.397825	0.0493287
-0.395899	0.0417758
-0.393774	0.0342093
-0.391444	0.0266284
-0.388755	0.0160951
-0.385828	0.00585761
-0.382669	-0.00409173
-0.379287	-0.0137606
-0.375688	-0.0231568
-0.371879	-0.032288
-0.367864	-0.0411618
-0.363656	-0.0497862
-0.359256	-0.0581686
-0.354675	-0.0663168
-0.349917	-0.0742388
-0.344993	-0.0819418
-0.339906	-0.0894339
-0.334665	-0.0967227
-0.329277	-0.103816
-0.323748	-0.110721
-0.318086	-0.117446
-0.312296	-0.123999
-0.306387	-0.130387
-0.300366	-0.136618
-0.29424	-0.1427
-0.288015	-0.14864
-0.281697	-0.154446
-0.275296	-0.160127
-0.268817	-0.165687
-0.262266	-0.171138
-0.255653	-0.176485
-0.248982	-0.181738
-0.242262	-0.186903
-0.2355	-0.191988
-0.2287	-0.197001
-0.221874	-0.20195
-0.215024	-0.206841
-0.208159	-0.211683
-0.201288	-0.216485
-0.194415	-0.221253
-0.187548	-0.225994
-0.180695	-0.230718
-0.173861	-0.235431
-0.167053	-0.240141
-0.160281	-0.244857
-0.153549	-0.249585
-0.146865	-0.254333
-0.140236	-0.25911
-0.133669	-0.263922
-0.127171	-0.268778
-0.120749	-0.273684
-0.114409	-0.27865
-0.108159	-0.283683
-0.106689	-0.284202
-0.105234	-0.284743
-0.103794	-0.285305
-0.102369	-0.285887
-0.100959	-0.28649
-0.0995637	-0.287114
-0.0981825	-0.287757
-0.0968154	-0.288419
-0.0954621	-0.289101
-0.0941225	-0.289802
-0.0927963	-0.290521
-0.091483	-0.29126
-0.0901828	-0.292017
-0.0888952	-0.292791
-0.0876202	-0.293583
-0.0863572	-0.294393
-0.0851064	-0.295218
-0.0838671	-0.296063
-0.0826395	-0.296922
-0.081423	-0.297797
-0.0802176	-0.298689
-0.079023	-0.299595
-0.077839	-0.300517
-0.0766654	-0.301455
-0.0755019	-0.302407
-0.0743481	-0.303374
-0.073204	-0.304354
-0.0720695	-0.305349
-0.070944	-0.306357
-0.0698274	-0.307378
-0.0687195	-0.308414
-0.0676201	-0.30946
-0.0665291	-0.31052
-0.0654459	-0.311592
-0.0643705	-0.312675
-0.0633027	-0.31377
-0.0622422	-0.314877
-0.0611888	-0.315993
-0.0601422	-0.317121
-0.0591021	-0.31826
-0.0580684	-0.319408
-0.0570409	-0.320567
-0.0560193	-0.321734
-0.0550033	-0.322911
-0.0539928	-0.324098
-0.0529875	-0.325292
-0.0519871	-0.326495
-0.0509914	-0.327705
-0.0500004	-0.328925
-0.0488439	-0.329836
-0.0476936	-0.330756
-0.0465496	-0.331683
-0.0454121	-0.332619
-0.0442811	-0.333562
-0.0431563	-0.334515
-0.0420384	-0.335473
-0.040927	-0.33644
-0.0398225	-0.337411
-0.0387245	-0.338391
-0.0376335	-0.339378
-0.0365493	-0.340369
-0.0354721	-0.341369
-0.0344019	-0.342373
-0.0333387	-0.343383
-0.0322829	-0.344398
-0.031234	-0.34542
-0.0301924	-0.346446
-0.0291583	-0.347478
-0.0281316	-0.348513
-0.0271122	-0.349552
-0.0261005	-0.350598
-0.0250962	-0.351646
-0.0240996	-0.352698
-0.0231106	-0.353754
-0.0221295	-0.354813
-0.0211561	-0.355875
-0.0201908	-0.356942
-0.0192333	-0.358009
-0.0182838	-0.35908
-0.0173424	-0.360153
-0.0164093	-0.361229
-0.0154842	-0.362306
-0.0145673	-0.363386
-0.0136589	-0.364465
-0.0127588	-0.365547
-0.0118672	-0.36663
-0.010984	-0.367714
-0.0101095	-0.368799
-0.0092436	-0.369884
-0.00838639	-0.370968
-0.00753793	-0.372054
-0.00669831	-0.373139
-0.00586756	-0.374225
-0.00504577	-0.375308
-0.00423298	-0.376392
-0.00342927	-0.377474
-0.00263469	-0.378555
-0.00184931	-0.379635
-0.000983935	-0.382363
-0.000171412	-0.385119
0.000590973	-0.387899
0.00130593	-0.390702
0.00197618	-0.393528
0.00260439	-0.396375
0.00319332	-0.399243
0.00374565	-0.402129
0.00426411	-0.405033
0.00475139	-0.407954
0.00521019	-0.41089
0.00564325	-0.413841
0.00605325	-0.416805
0.00644292	-0.419781
0.00681497	-0.422768
0.00717208	-0.425764
0.00751701	-0.428769
0.00785241	-0.431783
0.00818103	-0.434802
0.00850557	-0.437826
0.00882873	-0.440855
0.00915322	-0.443886
0.00948175	-0.446918
0.00981705	-0.449952
0.0101618	-0.452985
0.0105187	-0.456015
0.0108905	-0.459043
0.0112799	-0.462068
0.0116896	-0.465087
0.0121223	-0.468099
0.0125807	-0.471104
0.0130676	-0.4741
0.0135855	-0.477087
0.0141374	-0.480063
0.0147257	-0.483025
0.0153534	-0.485976
0.016023	-0.488911
0.0167373	-0.491832
0.017499	-0.494736
0.0183107	-0.497622
0.0191752	-0.500489
0.0200953	-0.503334
0.0210736	-0.50616
0.022113	-0.508962
0.0232158	-0.511741
0.024385	-0.514495
0.0256235	-0.517222
0.0269336	-0.519924
0.0283181	-0.522597
0.0293054	-0.524312
0.0302868	-0.526033
0.0312631	-0.527761
0.032235	-0.529494
0.0332028	-0.531232
0.0341673	-0.532974
0.0351293	-0.53472
0.0360891	-0.536469
0.0370474	-0.538219
0.0380052	-0.539973
0.0389628	-0.541728
0.0399209	-0.543483
0.0408801	-0.545238
0.041841	-0.546993
0.0428045	-0.548748
0.0437708	-0.5505
0.044741	-0.552249
0.0457152	-0.553997
0.0466946	-0.55574
0.0476795	-0.55748
0.0486705	-0.559215
0.0496683	-0.560944
0.0506736	-0.562668
0.051687	-0.564387
0.0527092	-0.566097
0.0537407	-0.5678
0.0547821	-0.569495
0.0558342	-0.571182
0.0568975	-0.572858
0.0579728	-0.574526
0.0590605	-0.576182
0.0601614	-0.577827
0.061276	-0.579461
0.0624051	-0.581082
0.0635493	-0.58269
0.0647091	-0.584286
0.0658852	-0.585867
0.0670782	-0.587433
0.0682888	-0.588984
0.0695177	-0.590518
0.0707654	-0.592038
0.0720324	-0.593539
0.0733197	-0.595025
0.0746276	-0.59649
0.075957	-0.597938
0.0773082	-0.599365
0.0786822	-0.600773
0.0800794	-0.60216
0.0815006	-0.603527
0.0878406	-0.605218
0.0939024	-0.607104
0.0996944	-0.609171
0.105225	-0.611414
0.110502	-0.613821
0.115533	-0.616386
0.120328	-0.6191
0.124895	-0.621951
0.129241	-0.624933
0.133375	-0.628036
0.137305	-0.631252
0.14104	-0.634574
0.144587	-0.637989
0.147956	-0.641491
0.151153	-0.64507
0.154189	-0.648718
0.15707	-0.652427
0.159806	-0.656185
0.162404	-0.659987
0.164871	-0.663822
0.167218	-0.667682
0.169452	-0.671558
0.171582	-0.675439
0.173616	-0.67932
0.175562	-0.68319
0.177426	-0.687041
0.17922	-0.690864
0.180951	-0.694649
0.182626	-0.698389
0.184256	-0.702074
0.185847	-0.705696
0.187407	-0.709245
0.188946	-0.712713
0.19047	-0.716093
0.191989	-0.719371
0.193512	-0.722544
0.195047	-0.725601
0.196599	-0.728532
0.19818	-0.731329
0.199796	-0.733985
0.201456	-0.736487
0.203171	-0.73883
0.204944	-0.741003
0.206787	-0.743
0.208707	-0.744808
0.210712	-0.746421
0.212813	-0.747831
0.215014	-0.749027
0.217326	-0.75
0.220585	-0.750774
0.223621	-0.751236
0.226445	-0.751398
0.229062	-0.751269
0.23148	-0.75086
0.233708	-0.750182
0.235754	-0.749246
0.237623	-0.748061
0.239326	-0.746638
0.24087	-0.74499
0.242262	-0.743125
0.243512	-0.741054
0.244625	-0.738789
0.245609	-0.736338
0.246474	-0.733715
0.247227	-0.730926
0.247875	-0.727986
0.248425	-0.724905
0.248889	-0.721691
0.24927	-0.718356
0.249579	-0.714912
0.249822	-0.711368
0.250008	-0.707734
0.250144	-0.704022
0.250238	-0.700242
0.250298	-0.696405
0.250332	-0.692522
0.250347	-0.6886
0.250353	-0.684655
0.250354	-0.680696
0.250362	-0.676731
0.250382	-0.672771
0.250423	-0.66883
0.250493	-0.664915
0.250599	-0.66104
0.250749	-0.657212
0.250951	-0.653443
0.251213	-0.649746
0.251543	-0.646128
0.251949	-0.6426
0.252437	-0.639176
0.253017	-0.635862
0.253696	-0.632672
0.254483	-0.629614
0.255382	-0.626702
0.256406	-0.623945
0.257559	-0.621351
0.25885	-0.618933
0.260288	-0.616702
0.262881	-0.616566
0.265443	-0.616375
0.267975	-0.616131
0.270475	-0.615835
0.272946	-0.615489
0.275386	-0.615092
0.277797	-0.614645
0.280178	-0.614148
0.282529	-0.613603
0.284851	-0.613012
0.287143	-0.612375
0.289409	-0.611691
0.291645	-0.610962
0.293853	-0.61019
0.296033	-0.609372
0.298183	-0.608514
0.300309	-0.607614
0.302406	-0.606672
0.304474	-0.605691
0.306517	-0.604669
0.308535	-0.603611
0.310524	-0.602513
0.312488	-0.601379
0.314426	-0.600209
0.316338	-0.599002
0.318225	-0.597762
0.320086	-0.596488
0.321923	-0.595182
0.323734	-0.593843
0.325521	-0.592472
0.327284	-0.59107
0.329022	-0.58964
0.330738	-0.58818
0.332429	-0.586692
0.334097	-0.585177
0.33574	-0.583635
0.337362	-0.582067
0.338961	-0.580475
0.340537	-0.578859
0.342093	-0.577218
0.343624	-0.575556
0.345135	-0.573871
0.346625	-0.572166
0.348091	-0.570439
0.349539	-0.568695
0.350964	-0.566931
0.35237	-0.565151
0.353754	-0.563352
0.355119	-0.561537
0.355966	-0.559731
0.356884	-0.558006
0.357872	-0.556356
0.358923	-0.554778
0.360036	-0.55327
0.361208	-0.551829
0.362433	-0.55045
0.36371	-0.54913
0.365035	-0.547867
0.366405	-0.546657
0.367818	-0.545494
0.369267	-0.544378
0.37075	-0.543306
0.372267	-0.542272
0.373811	-0.541273
0.375378	-0.540307
0.376968	-0.539372
0.378576	-0.538461
0.380197	-0.537573
0.381831	-0.536703
0.383472	-0.53585
0.385118	-0.535008
0.386764	-0.534176
0.388408	-0.533349
0.390048	-0.532524
0.391678	-0.531699
0.393297	-0.530868
0.394899	-0.530029
0.396483	-0.529181
0.398045	-0.528316
0.399581	-0.527435
0.401087	-0.526532
0.402561	-0.525605
0.403999	-0.524649
0.405399	-0.523662
0.406756	-0.522639
0.408069	-0.52158
0.40933	-0.520477
0.410541	-0.519332
0.411696	-0.518137
0.412791	-0.516891
0.413824	-0.515591
0.414791	-0.514231
0.415689	-0.512811
0.416514	-0.511324
0.417264	-0.509771
0.417934	-0.508144
0.418521	-0.506444
0.419023	-0.504664
0.41938	-0.502996
0.419668	-0.50131
0.419892	-0.499607
0.420052	-0.497886
0.420148	-0.496152
0.420183	-0.494403
0.420157	-0.492641
0.420075	-0.490866
0.419934	-0.489081
0.419737	-0.487287
0.419487	-0.485484
0.419184	-0.483673
0.41883	-0.481857
0.418425	-0.480036
0.417972	-0.47821
0.417472	-0.476382
0.416928	-0.47455
0.416339	-0.472719
0.415707	-0.470889
0.415035	-0.469059
0.414322	-0.467232
0.413571	-0.465408
0.412785	-0.46359
0.411962	-0.461778
0.411105	-0.459972
0.410217	-0.458175
0.409296	-0.456385
0.408348	-0.454608
0.40737	-0.452843
0.406367	-0.451088
0.405338	-0.449348
0.404285	-0.447622
0.403209	-0.445913
0.402112	-0.444221
0.400998	-0.442545
0.399865	-0.44089
0.398715	-0.439256
0.397551	-0.437642
0.396374	-0.436051
0.395182	-0.434484
0.393983	-0.432941
0.392772	-0.431424
0.391554	-0.429934
0.39033	-0.428473
0.389101	-0.427041
0.387869	-0.425638
0.386636	-0.424268
0.3854	-0.42293
0.384166	-0.421625
0.383073	-0.420432
0.381958	-0.41928
0.380826	-0.418164
0.379675	-0.417084
0.37851	-0.416037
0.377328	-0.415023
0.376131	-0.414039
0.374922	-0.413083
0.373701	-0.412153
0.372468	-0.411247
0.371225	-0.410364
0.369974	-0.409503
0.368714	-0.40866
0.367447	-0.407833
0.366175	-0.407022
0.364901	-0.406224
0.363619	-0.405438
0.362337	-0.404662
0.361055	-0.403893
0.35977	-0.403131
0.358487	-0.402372
0.357205	-0.401616
0.355928	-0.40086
0.354654	-0.400103
0.353385	-0.399342
0.352122	-0.398575
0.350867	-0.397803
0.349618	-0.397022
0.348381	-0.396228
0.347154	-0.395423
0.345939	-0.394603
0.344736	-0.393768
0.343547	-0.392913
0.342372	-0.39204
0.341214	-0.391145
0.340072	-0.390225
0.33895	-0.38928
0.337846	-0.388306
0.336762	-0.387306
0.3357	-0.386273
0.334661	-0.385208
0.333643	-0.384107
0.332652	-0.38297
0.331686	-0.381795
0.330746	-0.380578
0.329835	-0.37932
0.328952	-0.378018
0.328099	-0.376671
0.327277	-0.375274
0.326083	-0.372444
0.325004	-0.369573
0.324037	-0.366661
0.323178	-0.363712
0.322425	-0.360726
0.321771	-0.357703
0.321216	-0.354648
0.320752	-0.35156
0.320379	-0.348441
0.320093	-0.345293
0.319887	-0.342116
0.319759	-0.338912
0.319709	-0.335683
0.319727	-0.33243
0.319812	-0.329155
0.31996	-0.32586
0.320169	-0.322545
0.320433	-0.319212
0.32075	-0.315863
0.321114	-0.312498
0.321524	-0.309119
0.321974	-0.305729
0.322461	-0.302328
0.322982	-0.298917
0.323532	-0.295498
0.324107	-0.292074
0.324705	-0.288645
0.325321	-0.285213
0.325953	-0.281778
0.326593	-0.278342
0.327243	-0.274908
0.327896	-0.271476
0.328547	-0.268047
0.329195	-0.264624
0.329834	-0.261208
0.330462	-0.2578
0.331074	-0.254402
0.331668	-0.251014
0.332238	-0.247639
0.332782	-0.244278
0.333296	-0.240933
0.333776	-0.237604
0.334217	-0.234294
0.334617	-0.231003
0.334971	-0.227735
0.335276	-0.224488
0.335527	-0.221265
0.335724	-0.218068
0.335859	-0.214899
0.335705	-0.211583
0.335572	-0.208252
0.33546	-0.204909
0.335364	-0.201555
0.335284	-0.19819
0.335215	-0.194817
0.335157	-0.191434
0.335106	-0.188046
0.335059	-0.184653
0.335016	-0.181254
0.334971	-0.177852
0.334923	-0.174447
0.334869	-0.171042
0.334809	-0.167637
0.334737	-0.164232
0.334651	-0.16083
0.334551	-0.157433
0.334432	-0.154038
0.334293	-0.150649
0.334131	-0.147269
0.333942	-0.143895
0.333726	-0.140531
0.333479	-0.137177
0.333197	-0.133835
0.33288	-0.130505
0.332526	-0.127189
0.33213	-0.123887
0.331689	-0.120602
0.331205	-0.117333
0.33067	-0.114083
0.330084	-0.110853
0.329445	-0.107643
0.328751	-0.104454
0.327996	-0.101289
0.327182	-0.0981469
0.326302	-0.0950304
0.325357	-0.0919401
0.324344	-0.0888771
0.323259	-0.0858427
0.322099	-0.0828379
0.320863	-0.079864
0.319548	-0.076922
0.318153	-0.074013
0.316673	-0.0711383
0.315105	-0.0682989
0.313449	-0.065496
0.311702	-0.0627308
0.30986	-0.0600042
0.307921	-0.0573177
0.30759	-0.0551877
0.307191	-0.0531044
0.306727	-0.0510659
0.306203	-0.0490702
0.305619	-0.0471157
0.304978	-0.0452007
0.304284	-0.043323
0.303539	-0.041481
0.302743	-0.0396727
0.301901	-0.0378966
0.301014	-0.0361505
0.300086	-0.0344326
0.299118	-0.0327414
0.298113	-0.0310747
0.297075	-0.0294309
0.296004	-0.0278079
0.294905	-0.0262042
0.293776	-0.0246177
0.292626	-0.0230467
0.291451	-0.0214895
0.290259	-0.0199438
0.28905	-0.0184083
0.287824	-0.016881
0.286589	-0.0153598
0.285342	-0.0138432
0.284089	-0.0123292
0.282832	-0.010816
0.281573	-0.00930176
0.280313	-0.00778467
0.279057	-0.00626288
0.277805	-0.00473455
0.276563	-0.00319786
0.27533	-0.00165097
0.274109	-9.20634e-05
0.272904	0.00148072
0.271716	0.0030692
0.270549	0.0046752
0.269405	0.00630059
0.268285	0.00794716
0.267194	0.00961677
0.266133	0.0113112
0.265104	0.0130324
0.264111	0.0147821
0.263154	0.0165623
0.262239	0.0183744
0.261364	0.0202207
0.260537	0.0221029
0.259755	0.0240228
0.259024	0.0259822
0.257386	0.0288108
0.255713	0.0317223
0.254007	0.0347138
0.252271	0.037782
0.25051	0.0409241
0.248725	0.0441366
0.24692	0.0474169
0.245097	0.0507618
0.24326	0.0541683
0.241412	0.0576332
0.239555	0.0611535
0.237693	0.0647261
0.235828	0.068348
0.233964	0.0720162
0.232104	0.0757275
0.23025	0.0794789
0.228406	0.0832674
0.226575	0.0870898
0.22476	0.0909432
0.222963	0.0948245
0.221187	0.0987306
0.219437	0.102658
0.217713	0.106605
0.216021	0.110567
0.214362	0.114542
0.21274	0.118526
0.211158	0.122517
0.209618	0.126511
0.208124	0.130505
0.206677	0.134497
0.205284	0.138483
0.203945	0.14246
0.202663	0.146425
0.201442	0.150375
0.200285	0.154308
0.199194	0.158219
0.198174	0.162106
0.197224	0.165966
0.196353	0.169796
0.195558	0.173592
0.194846	0.177353
0.194219	0.181072
0.193679	0.18475
0.193228	0.188384
0.192873	0.191967
0.192613	0.195499
0.192455	0.198977
0.192397	0.202396
0.192447	0.205755
0.192517	0.210967
0.192665	0.216219
0.192884	0.221508
0.193171	0.226831
0.193528	0.232189
0.19395	0.237579
0.194433	0.243
0.194976	0.248448
0.195578	0.253923
0.196233	0.259423
0.196941	0.264948
0.197698	0.270493
0.198503	0.276058
0.199353	0.281643
0.200244	0.287243
0.201174	0.292859
0.202143	0.298486
0.203145	0.304126
0.204178	0.309775
0.205242	0.315434
0.206333	0.321098
0.207447	0.326765
0.208583	0.332436
0.209738	0.338109
0.210909	0.34378
0.212095	0.349449
0.213292	0.355114
0.214498	0.360776
0.215712	0.366428
0.216928	0.37207
0.218147	0.377703
0.219363	0.383322
0.220575	0.388927
0.221782	0.394518
0.222979	0.400089
0.224166	0.405642
0.225337	0.411172
0.226494	0.416682
0.227631	0.422164
0.228745	0.427623
0.229838	0.433053
0.230901	0.438453
0.231936	0.443821
0.232939	0.449157
0.233908	0.454458
0.23484	0.459722
0.235732	0.464947
0.236585	0.470133
0.23739	0.475278
0.239274	0.47615
0.241234	0.476947
0.243265	0.477679
0.245362	0.478348
0.24752	0.478959
0.24973	0.479514
0.251991	0.480019
0.254296	0.480479
0.25664	0.480894
0.259017	0.481274
0.261423	0.481619
0.263852	0.481934
0.266296	0.482225
0.268755	0.482493
0.27122	0.482745
0.273686	0.482985
0.276149	0.483216
0.278601	0.483444
0.28104	0.483671
0.283459	0.483902
0.285853	0.48414
0.288218	0.484392
0.290546	0.48466
0.292833	0.48495
0.295073	0.485265
0.297262	0.485608
0.299394	0.485986
0.301464	0.486402
0.303465	0.48686
0.305394	0.487364
0.307245	0.487917
0.309012	0.488525
0.310689	0.489192
0.312273	0.489922
0.313758	0.490719
0.315136	0.491587
0.316406	0.492533
0.317559	0.493557
0.318593	0.494664
0.319499	0.495861
0.320273	0.497149
0.320912	0.498534
0.321406	0.50002
0.321754	0.50161
0.321951	0.503311
0.321987	0.505125
0.321861	0.507055
0.321567	0.509108
0.321098	0.511287
0.318399	0.515277
0.315234	0.519078
0.31162	0.522692
0.30758	0.526123
0.30313	0.52938
0.298295	0.532464
0.293088	0.535381
0.287532	0.538138
0.281647	0.540736
0.275452	0.543183
0.268966	0.545481
0.262209	0.547636
0.255201	0.549652
0.247962	0.551536
0.24051	0.553293
0.232866	0.554923
0.22505	0.556437
0.217078	0.557835
0.208975	0.559123
0.200757	0.560308
0.192445	0.561392
0.184057	0.562381
0.175616	0.56328
0.167137	0.564094
0.158644	0.564827
0.150153	0.565484
0.141687	0.566069
0.133262	0.566588
0.124901	0.567047
0.116621	0.567447
0.108443	0.567795
0.100386	0.568097
0.09247	0.568356
0.0847146	0.568577
0.0771392	0.568766
0.0697635	0.568926
0.062607	0.569063
0.0556895	0.569181
0.0490305	0.569286
0.0426496	0.569382
0.0365664	0.569473
0.0308005	0.569565
0.0253716	0.569662
0.0202994	0.56977
0.015603	0.569892
0.0113026	0.570034
0.00741748	0.570201
0.00396735	0.570398
0.000971788	0.570627
-0.00477342	0.570491
-0.0105247	0.570373
-0.0162817	0.570273
-0.0220441	0.570189
-0.0278115	0.570121
-0.0335835	0.570066
-0.0393596	0.570022
-0.0451395	0.56999
-0.0509229	0.569967
-0.0567093	0.569951
-0.0624984	0.56994
-0.0682897	0.569934
-0.0740832	0.569932
-0.079878	0.569931
-0.085674	0.569931
-0.0914708	0.569929
-0.0972679	0.569925
-0.103065	0.569916
-0.108862	0.569902
-0.114658	0.56988
-0.120453	0.56985
-0.126246	0.569811
-0.132038	0.569758
-0.137827	0.569696
-0.143613	0.569616
-0.149397	0.569522
-0.155176	0.569409
-0.160953	0.569279
-0.166725	0.569127
-0.172492	0.568955
-0.178256	0.568758
-0.184013	0.568538
-0.189765	0.56829
-0.19551	0.568016
-0.201249	0.567713
-0.206981	0.567378
-0.212706	0.567012
-0.218424	0.566612
-0.224133	0.566176
-0.229833	0.565705
-0.235525	0.565197
-0.241209	0.56465
-0.246882	0.56406
-0.252546	0.563428
-0.2582	0.562755
-0.263842	0.562035
-0.269474	0.561267
-0.275094	0.560453
-0.280702	0.559588
-0.283962	0.558635
-0.28711	0.557828
-0.29015	0.557166
-0.293081	0.556647
-0.295903	0.556267
-0.29862	0.556024
-0.301231	0.555914
-0.303738	0.555934
-0.306142	0.556083
-0.308445	0.556356
-0.310647	0.556751
-0.312748	0.557263
-0.314752	0.557894
-0.316659	0.558635
-0.318468	0.559486
-0.320183	0.560445
-0.321804	0.561508
-0.323331	0.562672
-0.324767	0.563935
-0.326112	0.565293
-0.327367	0.566742
-0.328536	0.568283
-0.329614	0.569907
-0.330609	0.571617
-0.331518	0.573407
-0.332342	0.575274
-0.333084	0.577217
-0.333744	0.57923
-0.334323	0.581313
-0.334824	0.583461
-0.335245	0.585672
-0.335589	0.587943
-0.335857	0.590272
-0.336051	0.592654
-0.33617	0.595089
-0.336216	0.59757
-0.336191	0.600097
-0.336096	0.602667
-0.335931	0.605277
-0.335697	0.607922
-0.335395	0.6106
-0.335029	0.613311
-0.334597	0.616048
-0.334102	0.61881
-0.333545	0.621594
-0.332925	0.624397
-0.332244	0.627216
-0.331504	0.630048
-0.330707	0.632889
-0.329908	0.634377
-0.329097	0.635854
-0.328273	0.63732
-0.327437	0.638775
-0.326588	0.640219
-0.325727	0.641652
-0.324851	0.643074
-0.323964	0.644484
-0.323063	0.645882
-0.322149	0.647269
-0.321223	0.648645
-0.320283	0.65001
-0.31933	0.651363
-0.318363	0.652702
-0.317383	0.654033
-0.316391	0.65535
-0.315384	0.656655
-0.314364	0.657948
-0.313329	0.659229
-0.312282	0.6605
-0.31122	0.661756
-0.310144	0.663002
-0.309055	0.664233
-0.307953	0.665454
-0.306835	0.666662
-0.305705	0.667857
-0.304559	0.669041
-0.303399	0.670211
-0.302226	0.671369
-0.301037	0.672513
-0.299835	0.673646
-0.298617	0.674766
-0.297385	0.675871
-0.296139	0.676965
-0.294878	0.678046
-0.293602	0.679115
-0.292311	0.680169
-0.291006	0.68121
-0.289685	0.682237
-0.288349	0.683252
-0.286998	0.684253
-0.285633	0.685242
-0.284251	0.686216
-0.282855	0.687177
-0.281443	0.688123
-0.280017	0.689056
-0.278574	0.689976
-0.277116	0.690882
-0.275641	0.691774
-0.273111	0.692725
-0.270576	0.693685
-0.268035	0.694653
-0.265491	0.695625
-0.262941	0.696603
-0.260385	0.697584
-0.257825	0.698566
-0.255258	0.69955
-0.252687	0.700533
-0.250109	0.701515
-0.247524	0.702493
-0.244933	0.703468
-0.242337	0.704439
-0.239733	0.705402
-0.237123	0.706356
-0.234506	0.707302
-0.23188	0.708238
-0.229249	0.709163
-0.22661	0.710073
-0.223963	0.710971
-0.221309	0.711854
-0.218646	0.712719
-0.215975	0.713566
-0.213295	0.714395
-0.210608	0.715203
-0.207912	0.71599
-0.205206	0.716754
-0.202493	0.717494
-0.199768	0.718209
-0.197036	0.718897
-0.194294	0.719557
-0.191543	0.720189
-0.188781	0.720791
-0.186009	0.72136
-0.183226	0.721897
-0.180435	0.7224
-0.177631	0.722868
-0.174819	0.7233
-0.171994	0.723694
-0.169159	0.724048
-0.166313	0.724363
-0.163455	0.724637
-0.160585	0.724867
-0.157704	0.725054
-0.15481	0.725194
-0.151906	0.72529
-0.148989	0.725337
-0.146059	0.725336
-0.143117	0.725284
-0.139953	0.725776
-0.136809	0.726233
-0.133684	0.726653
-0.130577	0.727036
-0.127487	0.727387
-0.124412	0.727704
-0.121353	0.727989
-0.118307	0.728241
-0.115275	0.728463
-0.112255	0.728655
-0.109245	0.728817
-0.106245	0.728952
-0.103255	0.729057
-0.100272	0.729136
-0.0972965	0.72919
-0.0943267	0.729219
-0.0913618	0.729222
-0.088401	0.729202
-0.0854431	0.72916
-0.0824871	0.729096
-0.0795321	0.729009
-0.0765771	0.728904
-0.073621	0.728778
-0.0706629	0.728634
-0.0677018	0.728472
-0.0647364	0.728292
-0.0617661	0.728097
-0.0587898	0.727885
-0.0558065	0.727661
-0.052815	0.727421
-0.0498145	0.727168
-0.046804	0.726903
-0.0437825	0.726627
-0.0407489	0.726341
-0.0377022	0.726043
-0.0346415	0.725739
-0.0315657	0.725426
-0.0284737	0.725105
-0.025365	0.724777
-0.0222379	0.724444
-0.019092	0.724107
-0.0159261	0.723765
-0.012739	0.72342
-0.00952984	0.723072
-0.00629768	0.722724
-0.00304146	0.722373
0.000239805	0.722024
0.00354712	0.721676
0.00688149	0.721328
0.00905322	0.720228
0.0114775	0.719191
0.0141377	0.71822
0.0170174	0.717309
0.0201	0.716464
0.0233691	0.715685
0.026808	0.714969
0.0304005	0.714318
0.0341296	0.713734
0.0379793	0.713217
0.0419328	0.712767
0.0459735	0.712384
0.0500851	0.71207
0.0542509	0.711823
0.0584547	0.711645
0.0626796	0.711537
0.0669092	0.711499
0.071127	0.711531
0.0753165	0.711634
0.0794613	0.711808
0.0835446	0.712055
0.0875501	0.712372
0.0914613	0.712762
0.0952614	0.713228
0.0989343	0.713765
0.102463	0.714376
0.105832	0.715063
0.109023	0.715824
0.112021	0.716661
0.114809	0.717575
0.11737	0.718565
0.119689	0.719631
0.121748	0.720774
0.123531	0.721997
0.125021	0.723297
0.126202	0.724676
0.127057	0.726135
0.127571	0.727673
0.127725	0.729293
0.127504	0.730992
0.126892	0.732772
0.125872	0.734634
0.124426	0.73658
0.12254	0.738606
0.120196	0.740716
0.117377	0.742911
0.114068	0.745189
0.110251	0.747552
