0.364433 0.21549
0.42206 0.225981
0.449576 0.205323
0.428583 0.2212
0.405611 0.23771
0.415504 0.230712
0.367937 0.204438
0.377306 0.21028
0.366099 0.210234
0.369774 0.198643
0.382236 0.253566
0.388957 0.249105
0.392171 0.204286
0.39734 0.202208
0.386877 0.206418
0.371612 0.192847
0.384157 0.0891414
0.387554 0.0749922
0.38144 0.0149006
0.387906 0.0352685
0.384847 0.0234706
0.388784 0.0668099
0.389339 0.0606574
0.389241 0.0453355
0.386582 0.0293235
0.389549 0.0555335
0.388707 0.0402807
0.346322 0.0196902
0.346291 -0.00585475
0.358968 -0.103081
0.352723 -0.123644
0.350243 -0.129756
0.355744 -0.11501
0.361929 -0.0820967
0.360573 -0.0946493
0.361729 -0.0637749
0.360697 -0.0546006
0.362094 -0.070435
0.357942 -0.0403319
0.359573 -0.0479037
0.336335 0.0205975
0.34356 0.000373314
0.356932 0.0166044
0.340636 0.00667545
0.367208 0.0120254
0.351516 0.0184207
-0.0267283 -0.308956
-0.0354654 -0.303541
-0.447657 -0.290003
-0.455294 -0.284359
-0.465798 -0.275811
-0.337024 -0.223049
-0.341997 -0.215645
-0.35558 -0.199572
-0.346568 -0.209835
-0.363855 -0.19076
-0.332527 -0.248493
-0.337039 -0.256607
-0.331431 -0.237789
-0.333487 -0.230127
-0.351897 -0.267658
-0.343485 -0.26318
-0.290561 -0.287162
-0.295578 -0.293171
-0.28178 -0.273114
-0.364799 -0.268279
-0.356936 -0.268679
-0.4185 -0.182598
-0.369426 -0.184946
-0.409814 -0.198172
-0.413269 -0.191146
-0.372551 -0.265812
-0.384083 -0.258578
-0.393543 -0.249009
-0.40212 -0.23493
-0.377835 -0.263032
-0.398964 -0.241195
-0.404751 -0.224695
-0.405533 -0.212334
-0.404827 -0.218862
-0.470821 -0.271352
-0.485553 -0.256442
-0.478467 -0.264004
-0.407537 -0.2042
-0.244018 -0.18897
-0.282833 -0.197989
-0.291821 -0.185173
-0.235647 -0.189881
-0.272965 -0.240755
-0.286719 -0.281718
-0.277874 -0.264072
-0.275866 -0.257851
-0.228239 -0.24981
-0.221777 -0.259891
-0.27396 -0.249375
-0.278769 -0.206263
-0.276431 -0.21261
-0.274451 -0.220125
-0.273519 -0.225541
-0.272916 -0.232064
-0.231738 -0.243794
-0.236718 -0.234417
-0.248366 -0.2073
-0.244281 -0.217834
-0.241368 -0.224612
-0.311923 -0.307261
-0.333047 -0.317765
-0.324148 -0.314165
-0.414968 -0.309554
-0.436478 -0.2975
-0.460615 -0.280151
-0.425147 -0.304234
-0.383882 -0.320986
-0.442098 -0.29384
-0.408259 -0.312671
-0.430821 -0.300969
-0.396268 -0.317407
-0.402749 -0.314987
-0.3037 -0.301026
0.322061 0.170243
0.330898 0.165469
0.377565 0.00753424
0.403623 0.199687
0.455974 0.200337
0.463931 0.194042
0.4224 0.192189
0.410901 0.196773
0.485986 0.176057
0.467325 0.174635
0.47606 0.171345
0.436695 0.215153
0.497213 0.164039
0.493787 0.169511
0.482408 0.16901
0.470265 0.188956
0.373449 0.187052
0.375588 0.111421
0.370887 0.120531
0.376654 0.176943
0.478146 0.182539
0.4486 0.18186
0.455587 0.179143
0.44315 0.210262
0.443028 0.18404
0.432074 0.188354
0.380756 0.164005
0.437172 0.186342
0.3748 0.163476
0.365681 0.164646
0.360057 0.165368
0.378549 0.104811
0.385543 0.0841228
0.381566 0.0970611
0.341455 0.157621
0.35109 0.166518
0.347259 0.15223
-0.184592 -0.301084
-0.206523 -0.279624
-0.201027 -0.285648
0.157488 0.357253
0.165555 0.355004
0.197298 0.345141
0.210928 0.340401
0.205105 0.342464
0.187467 0.348371
0.177556 0.351467
0.346359 0.276025
0.353271 0.271875
0.377172 0.256874
0.368687 0.262315
0.361859 0.266602
0.32186 0.290049
0.314771 0.293908
0.330665 0.285131
0.337665 0.281124
0.276863 0.313043
0.284175 0.309549
0.305851 0.298638
0.296866 0.303261
0.222489 0.336137
0.291443 0.305982
0.267661 0.317309
0.258388 0.321459
0.250919 0.324695
0.243403 0.327853
0.233941 0.331693
-0.422027 0.251125
-0.414372 0.259669
-0.401749 0.272418
-0.331949 0.32358
-0.323658 0.328151
-0.297038 0.341161
-0.282954 0.347058
-0.30625 0.336949
-0.31531 0.332509
-0.362956 0.304042
-0.342891 0.317151
-0.349652 0.312936
0.317422 -0.1364
0.345274 -0.140383
0.325294 -0.140346
0.34094 -0.148494
0.333494 -0.14457
0.337065 0.0139766
0.372284 0.00933365
0.34917 -0.0128899
0.355934 -0.0327073
0.353843 -0.0258746
0.35147 -0.0189803
0.361361 -0.0887802
0.362016 0.0145041
0.378363 0.171552
0.358921 0.138845
0.352285 0.146906
0.365696 0.129182
0.488678 0.166779
0.338931 0.168078
0.308815 -0.210291
0.31454 -0.233792
0.30804 -0.235774
0.320145 -0.223027
0.298744 -0.19897
0.314354 -0.216518
0.275077 -0.172365
0.28968 -0.188781
0.249396 -0.143496
0.279861 -0.177742
0.265006 -0.161044
0.259467 -0.154817
0.228862 -0.116377
0.26979 -0.166421
0.240332 -0.133307
0.26694 -0.115053
0.25793 -0.112515
0.230513 -0.122268
0.236875 -0.110965
0.247717 -0.110651
0.357268 -0.109877
0.295949 -0.239367
0.304283 -0.205196
0.325432 -0.228971
0.271459 -0.246107
0.263218 -0.248163
0.28324 -0.242969
0.302513 -0.237434
0.142658 -0.278259
0.152229 -0.291615
0.14791 -0.285589
0.133205 -0.265066
0.137873 -0.271581
0.124101 -0.252361
0.139591 -0.255882
0.129252 -0.25368
0.206965 -0.258078
0.199107 -0.258743
0.12912 -0.259365
0.156741 -0.258314
0.147374 -0.257167
0.17188 -0.259313
0.164043 -0.258923
0.18601 -0.259371
0.17711 -0.259428
-0.0449008 -0.0616457
-0.0397552 -0.0435721
-0.0491175 0.0658827
-0.0521759 0.0728702
-0.0760718 0.111653
-0.0834166 0.120375
-0.0703504 0.104065
-0.065007 0.0962025
-0.0600557 0.0880829
-0.0369658 0.0215691
-0.0382172 0.0291976
-0.0555104 0.0797219
-0.0450631 0.0551648
-0.0416702 0.044188
-0.0470091 0.0605579
0.248204 -0.251571
0.277616 -0.244494
0.254428 -0.250215
0.215866 -0.257082
0.290371 -0.240973
0.234675 -0.254209
0.191248 -0.259195
0.222666 -0.256159
0.228935 -0.25519
0.30444 -0.130165
0.285148 -0.183686
0.2853 -0.121772
0.291648 -0.12443
0.242487 -0.252739
0.2358 -0.128212
0.345011 0.167298
0.462069 0.176643
0.397311 0.24345
0.371664 0.212562
0.362127 -0.0770955
0.336202 0.161837
0.41675 0.194439
-0.167211 0.376992
-0.148864 0.379415
-0.154115 0.378775
-0.159359 0.378093
-0.122547 0.382014
-0.133082 0.381092
0.111808 0.367876
0.11991 0.366227
0.216722 0.338292
0.150192 0.359186
0.228229 0.333937
0.142957 0.361005
0.12975 0.364098
0.0500624 0.377704
0.171571 0.35326
0.135493 0.362787
0.0971627 0.370631
0.10351 0.369471
0.0819604 0.373203
0.090713 0.371757
0.0707852 0.374914
-0.290034 0.344172
-0.273398 0.350716
-0.236536 0.362561
-0.228994 0.364588
-0.246511 0.359684
-0.0108885 0.383127
-0.00085566 0.382516
0.0593647 0.376512
0.0406216 0.378813
0.0262187 0.380314
0.033455 0.379589
0.0140124 0.381407
-0.0988498 0.383535
-0.0830938 0.384143
-0.0883398 0.383975
-0.023551 0.383737
0.00660691 0.38199
-0.0159381 0.383392
-0.0363333 0.384171
-0.00586069 0.382835
-0.031207 0.384019
-0.0492195 0.38442
-0.0414762 0.384294
-0.0647972 0.384463
-0.0543994 0.384466
-0.0726247 0.384376
-0.211215 0.368892
-0.216319 0.367722
-0.221404 0.366504
-0.26615 0.353319
-0.253926 0.357394
-0.177647 0.375375
-0.188039 0.373584
-0.172434 0.376205
-0.198378 0.371613
-0.182849 0.374502
-0.250896 -0.20003
-0.25327 -0.19256
-0.253798 -0.187117
-0.357388 -0.128596
-0.350871 -0.2048
-0.349101 -0.137228
-0.335359 -0.149782
-0.300824 -0.17601
-0.325305 -0.157862
-0.317288 -0.163756
-0.310537 -0.168406
-0.11201 0.382783
-0.127815 0.381573
-0.203525 0.37056
-0.0595923 0.384481
-0.0935921 0.383773
-0.143607 0.380014
-0.193216 0.372621
0.278551 -0.119114
0.311735 -0.133624
0.298326 -0.127367
0.242576 -0.110368
0.347873 -0.135044
0.272219 -0.116808
-0.104112 0.383261
-0.138346 0.380573
-0.117278 0.382417
-0.121578 -0.161011
-0.0838628 -0.128769
-0.0918255 -0.137197
-0.102161 -0.146687
-0.107463 -0.151012
-0.0716215 -0.113406
-0.047064 -0.0676647
-0.0503049 -0.0756758
-0.0539602 -0.0836634
-0.0580369 -0.091619
-0.0625423 -0.0995344
-0.0671763 -0.106926
-0.0780973 -0.12194
-0.0429637 -0.0556217
-0.228132 -0.190284
-0.286608 -0.191964
-0.217292 -0.190267
-0.246366 -0.212622
-0.144989 -0.173621
-0.1161 -0.157374
0.244864 -0.138401
0.254935 -0.149722
0.32001 -0.232104
-0.132668 -0.167538
-0.0969447 -0.142084
-0.177275 -0.184706
-0.156211 -0.178217
-0.166255 -0.181641
-0.364461 0.11343
-0.389616 0.0730874
-0.381948 0.0878868
-0.386486 0.07951
-0.377004 0.0960337
-0.138259 -0.170441
-0.150603 -0.176027
-0.0358613 0.011925
-0.0380996 -0.0355492
-0.0412495 -0.049596
-0.0402294 0.0386112
-0.0778551 0.384276
-0.0368225 -0.027544
-0.0361086 -0.0215568
-0.0354764 -0.0136028
-0.035238 -0.00766335
-0.0352287 0.000214324
-0.389709 0.283304
-0.337438 0.320414
-0.356343 0.308567
-0.373357 0.296476
-0.378465 0.292539
-0.383507 0.2885
-0.415971 -0.132786
-0.382534 -0.171227
-0.376449 -0.177629
-0.388788 -0.16453
-0.393885 -0.158948
-0.399043 -0.153157
-0.401355 -0.049374
-0.405543 -0.145611
-0.342429 -0.143568
-0.363152 -0.121995
-0.376677 -0.103931
-0.370247 -0.113042
-0.383798 -0.0923462
-0.389923 -0.0805781
-0.395076 -0.0686615
-0.404913 0.0230709
-0.404089 -0.0372362
-0.405936 -0.0250769
-0.406789 -0.0153576
-0.406988 0.00157575
-0.407102 -0.00566516
-0.402136 0.0371352
-0.0136653 -0.334286
-0.00120984 -0.351143
-0.00947857 -0.339952
-0.170642 -0.311775
-0.178361 -0.306098
-0.138726 -0.33022
-0.145967 -0.326647
-0.153043 -0.322835
-0.158582 -0.31961
-0.211816 -0.273326
-0.195332 -0.2914
0.0107699 -0.324506
0.00179446 -0.321691
0.0218221 -0.327328
-0.0216364 -0.311731
-0.0321914 -0.309212
-0.00351471 -0.319785
0.0166923 -0.326099
0.149486 -0.323152
0.128456 -0.328139
0.134863 -0.326822
0.0657217 -0.332923
0.0869041 -0.332901
-0.132819 -0.332908
0.0816338 -0.333059
0.0736914 -0.333107
0.0938894 -0.332539
0.0577437 -0.332499
0.0524299 -0.332079
0.0313355 -0.329258
0.0400813 -0.33066
0.110214 -0.33101
0.045362 -0.331345
0.103393 -0.331766
-0.0284234 -0.314312
-0.35507 -0.322526
-0.318885 -0.311497
-0.388936 -0.319707
-0.341295 -0.320193
-0.374335 -0.322574
-0.347437 -0.321486
-0.023818 -0.320545
-0.0150418 -0.314967
-0.0912613 0.128652
-0.11599 0.149439
-0.105381 0.14138
-0.208628 -0.189784
0.294212 -0.193875
-0.187 -0.186843
-0.127104 -0.164397
-0.192301 -0.187793
-0.198546 -0.188721
-0.290444 0.169293
-0.299313 0.165313
-0.348355 0.131037
-0.359861 0.118915
-0.35506 0.124229
-0.339503 0.139076
-0.330149 0.146559
-0.32232 0.15212
-0.314198 0.157285
-0.188003 0.180091
-0.199671 0.181877
-0.259967 0.178926
-0.269599 0.176522
-0.247633 0.181193
-0.234995 0.182607
-0.242613 0.181863
-0.224681 0.183101
-0.22986 0.182926
-0.219461 0.183129
-0.211556 0.182891
-0.305794 0.162034
-0.170961 0.176026
-0.161758 0.17308
-0.27901 0.173613
-0.193808 0.181078
-0.180357 0.178485
0.00370953 -0.357801
-0.0019412 -0.357769
-0.0332902 -0.356361
-0.0458423 -0.355152
-0.0404896 -0.355717
-0.0241933 -0.356997
-0.0149917 -0.357446
-0.1145 -0.340084
-0.12681 -0.335447
-0.0904138 -0.347242
-0.0985832 -0.345075
-0.0546714 -0.354056
-0.106613 -0.34269
-0.0837807 -0.348822
-0.077063 -0.350268
-0.0685501 -0.351887
0.166531 -0.317514
-0.0096866 -0.317329
-0.368392 -0.322942
-0.360312 -0.322896
0.155359 -0.321391
-0.00539654 -0.345477
-0.0599123 -0.353303
-0.019736 -0.32607
0.119439 -0.329716
-0.00942213 -0.357628
-0.509613 -0.216345
-0.510938 -0.194756
-0.511649 -0.203938
-0.504048 -0.179389
-0.509155 -0.188579
0.156197 -0.297153
0.166584 -0.311649
-0.147469 0.167392
-0.205588 0.182482
-0.152761 0.169662
-0.0981629 0.135188
-0.0432824 0.049707
0.389519 0.050423
-0.122304 0.153709
-0.128791 0.157725
-0.164012 -0.316227
0.161682 -0.304808
-0.483947 0.0294654
-0.485508 0.0452157
-0.48496 0.0388388
-0.406152 0.0135672
-0.48606 0.0916628
-0.485481 0.0995919
-0.486496 0.0815648
-0.482252 0.0173199
-0.0354492 0.0060869
-0.486556 0.0670765
-0.48661 0.0733362
-0.393416 0.0643517
-0.395979 0.0576806
-0.486286 0.0582817
-0.40366 0.0301347
-0.368854 0.107784
-0.399688 0.0463575
-0.453468 0.206185
-0.40872 0.265566
-0.373037 0.101982
-0.395792 0.277944
-0.427302 0.244814
-0.432406 0.238328
-0.436362 0.233012
-0.440199 0.227581
-0.444824 0.220631
-0.477502 0.146199
-0.135445 0.161479
-0.142259 0.164962
-0.460517 0.192552
-0.45669 0.2002
-0.464116 0.184715
-0.467478 0.176689
-0.470596 0.168471
-0.473461 0.160061
-0.494654 -0.076715
-0.494598 -0.0584107
-0.494923 -0.0661615
-0.478114 -0.0628287
-0.477763 -0.00579631
-0.481399 -0.0551356
-0.480184 0.00556899
-0.472572 -0.0802809
-0.475729 -0.0140726
-0.471947 -0.0274058
-0.474273 -0.0194743
-0.475952 -0.0689535
-0.491448 -0.0468542
-0.486186 -0.047661
-0.438618 -0.156261
-0.430105 -0.166958
-0.483991 0.113151
-0.485951 0.0516963
-0.484916 0.105452
-0.475567 0.153193
-0.368186 0.30031
-0.44838 0.214941
-0.479675 0.137279
-0.481911 0.126312
-0.462092 -0.0547901
-0.398513 -0.0590449
-0.469458 -0.0351355
-0.464972 -0.0475801
-0.453796 -0.0731079
-0.467629 -0.101288
-0.439977 -0.0982345
-0.449352 -0.0817878
-0.470897 -0.0867537
-0.46948 -0.0927251
-0.483148 0.0233428
-0.479016 -0.000161303
-0.461029 -0.121849
-0.474019 -0.0751603
-0.465964 -0.108426
-0.463346 -0.116338
-0.445907 -0.0880956
-0.45805 -0.0641116
-0.449566 -0.141626
-0.453223 -0.136109
-0.456639 -0.13042
-0.410761 -0.139318
-0.442646 -0.151089
-0.49073 -0.146447
-0.427559 -0.117173
-0.433847 -0.107921
-0.422442 -0.124273
-0.434117 -0.161918
-0.424077 -0.174759
-0.493874 -0.0874241
-0.493687 -0.0521351
-0.491051 -0.111427
-0.494294 -0.0823525
-0.467713 -0.0401784
-0.491744 -0.105962
-0.492827 -0.0974164
-0.490086 -0.124542
-0.490529 -0.11692
-0.49191 -0.154788
-0.490049 -0.13619
-0.499571 -0.174231
-0.480844 0.131832
-0.481264 0.0113957
-0.483171 0.11884
-0.495585 -0.167685
-0.501962 -0.233996
-0.510947 -0.210565
-0.507259 -0.223172
-0.491985 -0.248719
-0.171788 -0.183267
0.144203 -0.32459
-0.120703 -0.337838
-0.493381 -0.161289
-0.215902 -0.268087
0.161046 -0.31951
0.134416 -0.254852
-0.489969 -0.130002
-0.494863 -0.0715632
-0.496325 -0.242854
-0.490303 -0.141409
-0.222822 -0.19036
