0.245961	0.415467
0.247251	0.415459
0.248541	0.41545
0.249831	0.415442
0.251122	0.415434
0.252412	0.415426
0.253702	0.415417
0.254992	0.415409
0.256282	0.415401
0.257572	0.415393
0.258863	0.415384
0.260153	0.415376
0.261443	0.415368
0.262733	0.41536
0.264023	0.415351
0.265313	0.415343
0.266604	0.415335
0.267894	0.415326
0.269184	0.415318
0.270474	0.41531
0.271764	0.415302
0.273054	0.415293
0.274345	0.415285
0.275635	0.415277
0.276925	0.415269
0.278215	0.41526
0.279505	0.415252
0.280795	0.415244
0.282086	0.415236
0.283376	0.415227
0.284666	0.415219
0.285956	0.415211
0.287246	0.415203
0.288536	0.415194
0.289827	0.415186
0.291117	0.415178
0.292407	0.415169
0.293697	0.415161
0.294987	0.415153
0.296277	0.415145
0.297568	0.415136
0.298858	0.415128
0.300148	0.41512
0.301438	0.415112
0.302728	0.415103
0.304018	0.415095
0.305309	0.415087
0.306599	0.415079
0.307889	0.41507
0.309179	0.415062
0.309179	0.415062
0.30867	0.413894
0.30816	0.412726
0.307651	0.411557
0.307142	0.410389
0.306632	0.409221
0.306123	0.408053
0.305614	0.406885
0.305104	0.405717
0.304595	0.404548
0.304086	0.40338
0.303576	0.402212
0.303067	0.401044
0.302558	0.399876
0.302048	0.398707
0.301539	0.397539
0.30103	0.396371
0.30052	0.395203
0.300011	0.394035
0.299502	0.392867
0.298992	0.391698
0.298483	0.39053
0.297974	0.389362
0.297464	0.388194
0.296955	0.387026
0.296446	0.385857
0.295937	0.384689
0.295427	0.383521
0.294918	0.382353
0.294409	0.381185
0.293899	0.380016
0.29339	0.378848
0.292881	0.37768
0.292371	0.376512
0.291862	0.375344
0.291353	0.374176
0.290843	0.373007
0.290334	0.371839
0.289825	0.370671
0.289315	0.369503
0.288806	0.368335
0.288297	0.367166
0.287787	0.365998
0.287278	0.36483
0.286769	0.363662
0.286259	0.362494
0.28575	0.361326
0.285241	0.360157
0.284731	0.358989
0.284222	0.357821
0.284141	0.35573
0.284061	0.353639
0.28398	0.351548
0.283899	0.349458
0.283819	0.347367
0.283738	0.345276
0.283657	0.343185
0.283577	0.341094
0.283496	0.339003
0.283415	0.336912
0.283335	0.334822
0.283254	0.332731
0.283173	0.33064
0.283093	0.328549
0.283012	0.326458
0.282931	0.324367
0.282851	0.322276
0.28277	0.320186
0.282689	0.318095
0.282609	0.316004
0.282528	0.313913
0.282447	0.311822
0.282367	0.309731
0.282286	0.30764
0.282205	0.30555
0.282124	0.303459
0.282044	0.301368
0.281963	0.299277
0.281882	0.297186
0.281802	0.295095
0.281721	0.293004
0.28164	0.290914
0.28156	0.288823
0.281479	0.286732
0.281398	0.284641
0.281318	0.28255
0.281237	0.280459
0.281156	0.278368
0.281076	0.276278
0.280995	0.274187
0.280914	0.272096
0.280834	0.270005
0.280753	0.267914
0.280672	0.265823
0.280592	0.263732
0.280511	0.261642
0.28043	0.259551
0.28035	0.25746
0.280269	0.255369
0.280657	0.25254
0.281046	0.249711
0.281434	0.246881
0.281822	0.244052
0.282211	0.241223
0.282599	0.238394
0.282987	0.235565
0.283376	0.232735
0.283764	0.229906
0.284152	0.227077
0.284541	0.224248
0.284929	0.221419
0.285318	0.218589
0.285706	0.21576
0.286094	0.212931
0.286483	0.210102
0.286871	0.207273
0.287259	0.204443
0.287648	0.201614
0.288036	0.198785
0.288424	0.195956
0.288813	0.193127
0.289201	0.190297
0.289589	0.187468
0.289978	0.184639
0.290366	0.18181
0.290754	0.17898
0.291143	0.176151
0.291531	0.173322
0.291919	0.170493
0.292308	0.167664
0.292696	0.164834
0.293084	0.162005
0.293473	0.159176
0.293861	0.156347
0.294249	0.153518
0.294638	0.150688
0.295026	0.147859
0.295415	0.14503
0.295803	0.142201
0.296191	0.139372
0.29658	0.136542
0.296968	0.133713
0.297356	0.130884
0.297745	0.128055
0.298133	0.125226
0.298521	0.122396
0.29891	0.119567
0.299298	0.116738
0.299428	0.115397
0.299558	0.114069
0.299686	0.112754
0.299813	0.111452
0.299939	0.110163
0.300063	0.108887
0.300187	0.107624
0.300309	0.106374
0.300431	0.105138
0.300551	0.103914
0.30067	0.102703
0.300788	0.101506
0.300904	0.100321
0.30102	0.0991494
0.301134	0.0979909
0.301247	0.0968454
0.301359	0.095713
0.30147	0.0945936
0.30158	0.0934872
0.301689	0.0923939
0.301796	0.0913136
0.301903	0.0902464
0.302008	0.0891922
0.302112	0.088151
0.302215	0.0871229
0.302317	0.0861078
0.302417	0.0851058
0.302517	0.0841168
0.302615	0.0831409
0.302712	0.0821779
0.302808	0.0812281
0.302903	0.0802912
0.302997	0.0793674
0.303089	0.0784567
0.303181	0.077559
0.303271	0.0766743
0.30336	0.0758027
0.303448	0.0749441
0.303535	0.0740985
0.303621	0.073266
0.303705	0.0724465
0.303788	0.0716401
0.303871	0.0708467
0.303952	0.0700663
0.304032	0.069299
0.304111	0.0685448
0.304188	0.0678035
0.304265	0.0670753
0.30434	0.0663602
0.304428	0.0655006
0.304515	0.0646059
0.3046	0.0636761
0.304685	0.0627112
0.304768	0.0617112
0.304851	0.0606761
0.304932	0.0596058
0.305012	0.0585004
0.305091	0.05736
0.305168	0.0561844
0.305245	0.0549736
0.30532	0.0537278
0.305395	0.0524469
0.305468	0.0511308
0.30554	0.0497796
0.305611	0.0483933
0.30568	0.0469719
0.305749	0.0455154
0.305816	0.0440238
0.305883	0.042497
0.305948	0.0409352
0.306012	0.0393382
0.306075	0.0377061
0.306136	0.0360389
0.306197	0.0343366
0.306256	0.0325992
0.306315	0.0308266
0.306372	0.029019
0.306428	0.0271762
0.306483	0.0252983
0.306537	0.0233853
0.306589	0.0214372
0.306641	0.0194539
0.306691	0.0174356
0.30674	0.0153821
0.306788	0.0132935
0.306835	0.0111698
0.306881	0.00901104
0.306925	0.00681712
0.306969	0.00458808
0.307011	0.00232393
0.307052	2.46653e-05
0.307093	-0.00230971
0.307131	-0.00467921
0.307169	-0.00708382
0.307206	-0.00952354
0.307241	-0.0119984
0.307276	-0.0145083
0.307309	-0.0170534
0.307925	-0.0177787
0.30854	-0.0185041
0.309156	-0.0192294
0.309771	-0.0199548
0.310387	-0.0206801
0.311002	-0.0214055
0.311618	-0.0221308
0.312234	-0.0228562
0.312849	-0.0235815
0.313465	-0.0243069
0.31408	-0.0250322
0.314696	-0.0257576
0.315311	-0.0264829
0.315927	-0.0272083
0.316543	-0.0279336
0.317158	-0.028659
0.317774	-0.0293843
0.318389	-0.0301097
0.319005	-0.030835
0.31962	-0.0315604
0.320236	-0.0322857
0.320852	-0.0330111
0.321467	-0.0337364
0.322083	-0.0344618
0.322698	-0.0351871
0.323314	-0.0359125
0.323929	-0.0366378
0.324545	-0.0373632
0.325161	-0.0380885
0.325776	-0.0388139
0.326392	-0.0395392
0.327007	-0.0402646
0.327623	-0.0409899
0.328238	-0.0417153
0.328854	-0.0424406
0.32947	-0.043166
0.330085	-0.0438913
0.330701	-0.0446167
0.331316	-0.045342
0.331932	-0.0460674
0.332547	-0.0467927
0.333163	-0.0475181
0.333779	-0.0482434
0.334394	-0.0489688
0.33501	-0.0496941
0.335625	-0.0504195
0.336241	-0.0511448
0.336856	-0.0518702
0.337472	-0.0525955
0.33883	-0.0516978
0.340187	-0.0508001
0.341545	-0.0499024
0.342903	-0.0490048
0.34426	-0.0481071
0.345618	-0.0472094
0.346976	-0.0463117
0.348333	-0.045414
0.349691	-0.0445163
0.351049	-0.0436186
0.352406	-0.0427209
0.353764	-0.0418233
0.355121	-0.0409256
0.356479	-0.0400279
0.357837	-0.0391302
0.359194	-0.0382325
0.360552	-0.0373348
0.36191	-0.0364371
0.363267	-0.0355395
0.364625	-0.0346418
0.365983	-0.0337441
0.36734	-0.0328464
0.368698	-0.0319487
0.370056	-0.031051
0.371413	-0.0301533
0.372771	-0.0292557
0.374129	-0.028358
0.375486	-0.0274603
0.376844	-0.0265626
0.378202	-0.0256649
0.379559	-0.0247672
0.380917	-0.0238695
0.382275	-0.0229718
0.383632	-0.0220742
0.38499	-0.0211765
0.386348	-0.0202788
0.387705	-0.0193811
0.389063	-0.0184834
0.39042	-0.0175857
0.391778	-0.016688
0.393136	-0.0157904
0.394493	-0.0148927
0.395851	-0.013995
0.397209	-0.0130973
0.398566	-0.0121996
0.399924	-0.0113019
0.401282	-0.0104042
0.402639	-0.00950655
0.403997	-0.00860886
0.404933	-0.00904364
0.405869	-0.00947841
0.406805	-0.00991319
0.407741	-0.010348
0.408677	-0.0107827
0.409613	-0.0112175
0.410549	-0.0116523
0.411485	-0.0120871
0.412421	-0.0125218
0.413357	-0.0129566
0.414293	-0.0133914
0.415229	-0.0138262
0.416166	-0.014261
0.417102	-0.0146957
0.418038	-0.0151305
0.418974	-0.0155653
0.41991	-0.0160001
0.420846	-0.0164348
0.421782	-0.0168696
0.422718	-0.0173044
0.423654	-0.0177392
0.42459	-0.0181739
0.425526	-0.0186087
0.426462	-0.0190435
0.427398	-0.0194783
0.428334	-0.019913
0.42927	-0.0203478
0.430206	-0.0207826
0.431142	-0.0212174
0.432078	-0.0216521
0.433014	-0.0220869
0.43395	-0.0225217
0.434886	-0.0229565
0.435822	-0.0233913
0.436758	-0.023826
0.437694	-0.0242608
0.438631	-0.0246956
0.439567	-0.0251304
0.440503	-0.0255651
0.441439	-0.0259999
0.442375	-0.0264347
0.443311	-0.0268695
0.444247	-0.0273042
0.445183	-0.027739
0.446119	-0.0281738
0.447055	-0.0286086
0.447991	-0.0290433
0.448927	-0.0294781
0.449863	-0.0299129
0.449513	-0.0338698
0.449162	-0.0378266
0.448812	-0.0417835
0.448462	-0.0457403
0.448111	-0.0496972
0.447761	-0.0536541
0.44741	-0.0576109
0.44706	-0.0615678
0.44671	-0.0655246
0.446359	-0.0694815
0.446009	-0.0734384
0.445659	-0.0773952
0.445308	-0.0813521
0.444958	-0.0853089
0.444607	-0.0892658
0.444257	-0.0932226
0.443907	-0.0971795
0.443556	-0.101136
0.443206	-0.105093
0.442856	-0.10905
0.442505	-0.113007
0.442155	-0.116964
0.441805	-0.120921
0.441454	-0.124878
0.441104	-0.128834
0.440753	-0.132791
0.440403	-0.136748
0.440053	-0.140705
0.439702	-0.144662
0.439352	-0.148619
0.439002	-0.152576
0.438651	-0.156532
0.438301	-0.160489
0.437951	-0.164446
0.4376	-0.168403
0.43725	-0.17236
0.436899	-0.176317
0.436549	-0.180274
0.436199	-0.18423
0.435848	-0.188187
0.435498	-0.192144
0.435148	-0.196101
0.434797	-0.200058
0.434447	-0.204015
0.434096	-0.207972
0.433746	-0.211928
0.433396	-0.215885
0.433045	-0.219842
0.432695	-0.223799
0.433715	-0.224727
0.434729	-0.225651
0.435736	-0.226569
0.436736	-0.227481
0.437729	-0.228389
0.438716	-0.229291
0.439696	-0.230189
0.440669	-0.231081
0.441635	-0.231968
0.442595	-0.232849
0.443547	-0.233726
0.444493	-0.234597
0.445433	-0.235464
0.446365	-0.236325
0.447291	-0.23718
0.44821	-0.238031
0.449122	-0.238877
0.450028	-0.239717
0.450926	-0.240552
0.451818	-0.241382
0.452703	-0.242207
0.453582	-0.243026
0.454453	-0.243841
0.455318	-0.24465
0.456176	-0.245454
0.457028	-0.246253
0.457872	-0.247046
0.45871	-0.247835
0.459541	-0.248618
0.460366	-0.249396
0.461183	-0.250169
0.461994	-0.250937
0.462798	-0.2517
0.463596	-0.252457
0.464386	-0.253209
0.46517	-0.253956
0.465947	-0.254698
0.466717	-0.255435
0.467481	-0.256167
0.468237	-0.256893
0.468987	-0.257614
0.469731	-0.25833
0.470467	-0.259041
0.471197	-0.259747
0.47192	-0.260447
0.472636	-0.261142
0.473345	-0.261832
0.474048	-0.262517
0.474744	-0.263197
0.475979	-0.26456
0.477172	-0.265905
0.478323	-0.267232
0.479432	-0.268543
0.480501	-0.269839
0.481531	-0.271119
0.482522	-0.272386
0.483475	-0.273639
0.484391	-0.27488
0.485271	-0.27611
0.486115	-0.277328
0.486925	-0.278537
0.4877	-0.279736
0.488443	-0.280927
0.489154	-0.28211
0.489833	-0.283287
0.490482	-0.284457
0.491101	-0.285623
0.491691	-0.286784
0.492253	-0.287942
0.492788	-0.289097
0.493297	-0.29025
0.493779	-0.291401
0.494237	-0.292553
0.494671	-0.293705
0.495081	-0.294859
0.49547	-0.296014
0.495836	-0.297173
0.496182	-0.298335
0.496508	-0.299502
0.496815	-0.300674
0.497104	-0.301852
0.497375	-0.303037
0.497629	-0.30423
0.497868	-0.305432
0.498091	-0.306643
0.498301	-0.307864
0.498497	-0.309097
0.49868	-0.310341
0.498851	-0.311597
0.499012	-0.312868
0.499162	-0.314152
0.499303	-0.315452
0.499436	-0.316767
0.499561	-0.318099
0.499679	-0.319448
0.499791	-0.320816
0.499898	-0.322203
0.5	-0.32361
0.500084	-0.32505
0.500135	-0.326536
0.500154	-0.328067
0.500141	-0.329639
0.500095	-0.331253
0.500018	-0.332906
0.499908	-0.334597
0.499767	-0.336323
0.499595	-0.338084
0.499391	-0.339878
0.499155	-0.341703
0.498889	-0.343557
0.498592	-0.345439
0.498264	-0.347348
0.497905	-0.349281
0.497516	-0.351237
0.497096	-0.353214
0.496647	-0.355211
0.496167	-0.357226
0.495657	-0.359258
0.495118	-0.361304
0.494549	-0.363364
0.493951	-0.365435
0.493324	-0.367516
0.492667	-0.369605
0.491982	-0.371701
0.491267	-0.373802
0.490524	-0.375907
0.489753	-0.378013
0.488953	-0.380119
0.488125	-0.382224
0.487269	-0.384326
0.486385	-0.386423
0.485473	-0.388514
0.484534	-0.390597
0.483567	-0.39267
0.482573	-0.394732
0.481552	-0.396781
0.480504	-0.398815
0.479429	-0.400834
0.478328	-0.402834
0.4772	-0.404815
0.476045	-0.406775
0.474865	-0.408713
0.473658	-0.410626
0.472426	-0.412513
0.471167	-0.414373
0.469883	-0.416203
0.468574	-0.418003
0.46904	-0.41543
0.469494	-0.412896
0.469936	-0.410402
0.470366	-0.407948
0.470783	-0.405532
0.471189	-0.403157
0.471582	-0.400821
0.471963	-0.398524
0.472332	-0.396267
0.472689	-0.394049
0.473034	-0.391871
0.473367	-0.389733
0.473688	-0.387633
0.473996	-0.385574
0.474292	-0.383554
0.474577	-0.381573
0.474849	-0.379632
0.475109	-0.37773
0.475357	-0.375868
0.475592	-0.374045
0.475816	-0.372262
0.476027	-0.370519
0.476227	-0.368814
0.476414	-0.36715
0.476589	-0.365525
0.476752	-0.363939
0.476903	-0.362393
0.477042	-0.360886
0.477168	-0.359419
0.477283	-0.357991
0.477385	-0.356603
0.477475	-0.355254
0.477553	-0.353945
0.477619	-0.352676
0.477673	-0.351445
0.477715	-0.350255
0.477745	-0.349103
0.477762	-0.347992
0.477767	-0.34692
0.477761	-0.345887
0.477742	-0.344894
0.477711	-0.34394
0.477668	-0.343026
0.477612	-0.342151
0.477545	-0.341316
0.477465	-0.34052
0.477374	-0.339764
0.47727	-0.339047
0.477154	-0.33837
0.477017	-0.337688
0.476865	-0.337
0.476699	-0.336306
0.476519	-0.335606
0.476325	-0.334902
0.476118	-0.334193
0.475898	-0.33348
0.475665	-0.332763
0.47542	-0.332043
0.475164	-0.33132
0.474895	-0.330594
0.474615	-0.329866
0.474324	-0.329137
0.474023	-0.328406
0.473711	-0.327675
0.473389	-0.326943
0.473058	-0.326211
0.472717	-0.325479
0.472367	-0.324749
0.472009	-0.324019
0.471642	-0.323291
0.471267	-0.322565
0.470885	-0.321842
0.470495	-0.321121
0.470098	-0.320403
0.469694	-0.31969
0.469284	-0.31898
0.468868	-0.318275
0.468447	-0.317575
0.46802	-0.31688
0.467587	-0.316191
0.46715	-0.315508
0.466709	-0.314831
0.466264	-0.314162
0.465815	-0.3135
0.465362	-0.312846
0.464907	-0.3122
0.464448	-0.311562
0.463988	-0.310934
0.463525	-0.310315
0.46306	-0.309706
0.462594	-0.309107
0.462127	-0.308519
0.461659	-0.307942
0.461191	-0.307376
0.460723	-0.306822
0.460254	-0.306281
0.459787	-0.305752
0.45932	-0.305237
0.458819	-0.304698
0.458296	-0.304153
0.457752	-0.303604
0.457186	-0.303049
0.456599	-0.302489
0.455991	-0.301923
0.455362	-0.301353
0.454711	-0.300777
0.454038	-0.300196
0.453344	-0.29961
0.452629	-0.299019
0.451893	-0.298423
0.451135	-0.297821
0.450355	-0.297214
0.449555	-0.296602
0.448732	-0.295985
0.447889	-0.295362
0.447024	-0.294735
0.446138	-0.294102
0.44523	-0.293464
0.444301	-0.292821
0.443351	-0.292172
0.442379	-0.291519
0.441386	-0.29086
0.440371	-0.290196
0.439335	-0.289527
0.438278	-0.288853
0.437199	-0.288173
0.436099	-0.287488
0.434978	-0.286798
0.433835	-0.286103
0.432671	-0.285403
0.431485	-0.284697
0.430278	-0.283987
0.42905	-0.283271
0.4278	-0.282549
0.426529	-0.281823
0.425236	-0.281092
0.423922	-0.280355
0.422587	-0.279613
0.42123	-0.278866
0.419852	-0.278114
0.418453	-0.277356
0.417032	-0.276593
0.41559	-0.275825
0.414126	-0.275052
0.412641	-0.274274
0.411135	-0.273491
0.409607	-0.272702
0.409242	-0.272944
0.408877	-0.273186
0.408512	-0.273429
0.408147	-0.273671
0.407781	-0.273913
0.407416	-0.274155
0.407051	-0.274397
0.406686	-0.274639
0.406321	-0.274882
0.405956	-0.275124
0.405591	-0.275366
0.405226	-0.275608
0.40486	-0.27585
0.404495	-0.276093
0.40413	-0.276335
0.403765	-0.276577
0.4034	-0.276819
0.403035	-0.277061
0.40267	-0.277303
0.402305	-0.277546
0.401939	-0.277788
0.401574	-0.27803
0.401209	-0.278272
0.400844	-0.278514
0.400479	-0.278757
0.400114	-0.278999
0.399749	-0.279241
0.399384	-0.279483
0.399018	-0.279725
0.398653	-0.279968
0.398288	-0.28021
0.397923	-0.280452
0.397558	-0.280694
0.397193	-0.280936
0.396828	-0.281178
0.396463	-0.281421
0.396097	-0.281663
0.395732	-0.281905
0.395367	-0.282147
0.395002	-0.282389
0.394637	-0.282632
0.394272	-0.282874
0.393907	-0.283116
0.393542	-0.283358
0.393176	-0.2836
0.392811	-0.283842
0.392446	-0.284085
0.392081	-0.284327
0.391716	-0.284569
0.390971	-0.285037
0.390215	-0.285492
0.389447	-0.285935
0.388667	-0.286365
0.387876	-0.286782
0.387073	-0.287187
0.386258	-0.287579
0.385432	-0.287959
0.384594	-0.288326
0.383744	-0.28868
0.382883	-0.289022
0.38201	-0.289351
0.381126	-0.289667
0.38023	-0.289971
0.379322	-0.290263
0.378403	-0.290541
0.377472	-0.290807
0.376529	-0.291061
0.375575	-0.291302
0.374609	-0.29153
0.373631	-0.291746
0.372642	-0.291949
0.371641	-0.292139
0.370628	-0.292317
0.369604	-0.292482
0.368568	-0.292635
0.367521	-0.292775
0.366462	-0.292902
0.365391	-0.293017
0.364309	-0.293119
0.363215	-0.293209
0.362109	-0.293286
0.360992	-0.29335
0.359863	-0.293402
0.358722	-0.293441
0.35757	-0.293468
0.356406	-0.293482
0.35523	-0.293483
0.354043	-0.293472
0.352844	-0.293448
0.351634	-0.293412
0.350412	-0.293363
0.349178	-0.293301
0.347933	-0.293227
0.346676	-0.29314
0.345407	-0.29304
0.344127	-0.292928
0.342835	-0.292803
0.341531	-0.292666
0.340505	-0.292548
0.339482	-0.292421
0.33846	-0.292283
0.33744	-0.292135
0.336422	-0.291977
0.335406	-0.291809
0.334392	-0.291631
0.333379	-0.291443
0.332369	-0.291245
0.33136	-0.291036
0.330354	-0.290818
0.329349	-0.29059
0.328346	-0.290351
0.327346	-0.290102
0.326347	-0.289843
0.32535	-0.289575
0.324354	-0.289296
0.323361	-0.289007
0.32237	-0.288708
0.32138	-0.288398
0.320393	-0.288079
0.319407	-0.28775
0.318424	-0.28741
0.317442	-0.287061
0.316462	-0.286701
0.315484	-0.286331
0.314508	-0.285952
0.313533	-0.285562
0.312561	-0.285162
0.311591	-0.284752
0.310622	-0.284332
0.309656	-0.283902
0.308691	-0.283461
0.307728	-0.283011
0.306767	-0.28255
0.305808	-0.28208
0.304851	-0.281599
0.303896	-0.281108
0.302943	-0.280608
0.301992	-0.280097
0.301042	-0.279576
0.300095	-0.279045
0.299149	-0.278504
0.298205	-0.277952
0.297263	-0.277391
0.296323	-0.27682
0.295385	-0.276238
0.294449	-0.275647
0.293515	-0.275045
0.293281	-0.274774
0.293048	-0.274504
0.292814	-0.274233
0.292581	-0.273962
0.292347	-0.273691
0.292114	-0.273421
0.29188	-0.27315
0.291647	-0.272879
0.291413	-0.272609
0.29118	-0.272338
0.290946	-0.272067
0.290713	-0.271796
0.290479	-0.271526
0.290246	-0.271255
0.290012	-0.270984
0.289779	-0.270714
0.289545	-0.270443
0.289311	-0.270172
0.289078	-0.269901
0.288844	-0.269631
0.288611	-0.26936
0.288377	-0.269089
0.288144	-0.268819
0.28791	-0.268548
0.287677	-0.268277
0.287443	-0.268006
0.28721	-0.267736
0.286976	-0.267465
0.286743	-0.267194
0.286509	-0.266924
0.286276	-0.266653
0.286042	-0.266382
0.285808	-0.266111
0.285575	-0.265841
0.285341	-0.26557
0.285108	-0.265299
0.284874	-0.265029
0.284641	-0.264758
0.284407	-0.264487
0.284174	-0.264216
0.28394	-0.263946
0.283707	-0.263675
0.283473	-0.263404
0.28324	-0.263134
0.283006	-0.262863
0.282773	-0.262592
0.282539	-0.262321
0.282306	-0.262051
0.282072	-0.26178
0.280138	-0.262472
0.278229	-0.263161
0.276348	-0.263847
0.274492	-0.264531
0.272663	-0.265213
0.270861	-0.265892
0.269084	-0.266568
0.267334	-0.267242
0.265611	-0.267913
0.263913	-0.268582
0.262242	-0.269248
0.260598	-0.269912
0.25898	-0.270573
0.257388	-0.271232
0.255822	-0.271888
0.254283	-0.272541
0.25277	-0.273193
0.251284	-0.273841
0.249824	-0.274487
0.24839	-0.27513
0.246983	-0.275771
0.245602	-0.27641
0.244247	-0.277045
0.242919	-0.277679
0.241617	-0.278309
0.240341	-0.278937
0.239092	-0.279563
0.237869	-0.280186
0.236673	-0.280807
0.235502	-0.281425
0.234358	-0.28204
0.233241	-0.282653
0.23215	-0.283264
0.231085	-0.283872
0.230047	-0.284477
0.229035	-0.28508
0.228049	-0.28568
0.22709	-0.286278
0.226157	-0.286873
0.22525	-0.287465
0.22437	-0.288056
0.223516	-0.288643
0.222688	-0.289228
0.221887	-0.289811
0.221112	-0.290391
0.220363	-0.290968
0.219641	-0.291543
0.218945	-0.292115
0.218276	-0.292685
0.217543	-0.293327
0.216806	-0.293987
0.216065	-0.294666
0.215321	-0.295361
0.214574	-0.296073
0.213825	-0.296802
0.213074	-0.297546
0.212323	-0.298306
0.211572	-0.29908
0.210822	-0.299869
0.210072	-0.300671
0.209325	-0.301487
0.20858	-0.302315
0.207838	-0.303155
0.2071	-0.304007
0.206366	-0.30487
0.205637	-0.305744
0.204914	-0.306628
0.204198	-0.307522
0.203488	-0.308425
0.202786	-0.309336
0.202092	-0.310256
0.201408	-0.311183
0.200732	-0.312117
0.200067	-0.313058
0.199413	-0.314005
0.19877	-0.314957
0.198139	-0.315915
0.197521	-0.316877
0.196917	-0.317843
0.196326	-0.318812
0.19575	-0.319784
0.19519	-0.320759
0.194645	-0.321736
0.194117	-0.322714
0.193606	-0.323694
0.193113	-0.324673
0.192639	-0.325653
0.192184	-0.326632
0.191748	-0.32761
0.191333	-0.328586
0.190939	-0.32956
0.190567	-0.330532
0.190217	-0.3315
0.18989	-0.332465
0.189587	-0.333426
0.189308	-0.334381
0.189054	-0.335332
0.188826	-0.336277
0.1889	-0.337905
0.188974	-0.339532
0.189048	-0.34116
0.189122	-0.342788
0.189196	-0.344415
0.18927	-0.346043
0.189344	-0.347671
0.189418	-0.349299
0.189492	-0.350926
0.189566	-0.352554
0.18964	-0.354182
0.189714	-0.355809
0.189787	-0.357437
0.189861	-0.359065
0.189935	-0.360692
0.190009	-0.36232
0.190083	-0.363948
0.190157	-0.365575
0.190231	-0.367203
0.190305	-0.368831
0.190379	-0.370459
0.190453	-0.372086
0.190527	-0.373714
0.190601	-0.375342
0.190675	-0.376969
0.190749	-0.378597
0.190823	-0.380225
0.190897	-0.381852
0.190971	-0.38348
0.191045	-0.385108
0.191119	-0.386736
0.191193	-0.388363
0.191267	-0.389991
0.191341	-0.391619
0.191415	-0.393246
0.191489	-0.394874
0.191562	-0.396502
0.191636	-0.398129
0.19171	-0.399757
0.191784	-0.401385
0.191858	-0.403012
0.191932	-0.40464
0.192006	-0.406268
0.19208	-0.407896
0.192154	-0.409523
0.192228	-0.411151
0.192302	-0.412779
0.192376	-0.414406
0.19245	-0.416034
0.191258	-0.413295
0.190091	-0.410598
0.188948	-0.407942
0.18783	-0.405328
0.186737	-0.402757
0.185667	-0.400227
0.184623	-0.397738
0.183603	-0.395292
0.182607	-0.392888
0.181636	-0.390525
0.18069	-0.388204
0.179768	-0.385925
0.17887	-0.383688
0.177997	-0.381493
0.177149	-0.379339
0.176325	-0.377228
0.175526	-0.375158
0.174751	-0.37313
0.174001	-0.371144
0.173275	-0.3692
0.172574	-0.367297
0.171897	-0.365436
0.171245	-0.363618
0.170617	-0.361841
0.170014	-0.360106
0.169435	-0.358412
0.168881	-0.356761
0.168351	-0.355151
0.167846	-0.353584
0.167366	-0.352058
0.16691	-0.350574
0.166478	-0.349131
0.166071	-0.347731
0.165689	-0.346372
0.165331	-0.345056
0.164998	-0.343781
0.164689	-0.342548
0.164404	-0.341356
0.164144	-0.340207
0.163909	-0.339099
0.163698	-0.338034
0.163512	-0.33701
0.16335	-0.336028
0.163213	-0.335088
0.1631	-0.334189
0.163012	-0.333333
0.162949	-0.332518
0.16291	-0.331745
0.162895	-0.331014
0.162904	-0.328964
0.162946	-0.326964
0.163019	-0.325014
0.163124	-0.323112
0.163259	-0.321258
0.163423	-0.319449
0.163617	-0.317685
0.163838	-0.315965
0.164088	-0.314287
0.164364	-0.312649
0.164667	-0.311051
0.164995	-0.309492
0.165349	-0.30797
0.165726	-0.306484
0.166128	-0.305032
0.166552	-0.303614
0.166998	-0.302228
0.167466	-0.300874
0.167955	-0.299548
0.168465	-0.298252
0.168993	-0.296983
0.169541	-0.295739
0.170107	-0.294521
0.17069	-0.293326
0.171291	-0.292153
0.171907	-0.291001
0.172539	-0.289869
0.173186	-0.288756
0.173847	-0.28766
0.174522	-0.28658
0.175209	-0.285514
0.175909	-0.284463
0.17662	-0.283423
0.177342	-0.282395
0.178074	-0.281377
0.178815	-0.280367
0.179566	-0.279365
0.180324	-0.278368
0.18109	-0.277377
0.181863	-0.276389
0.182641	-0.275404
0.183425	-0.27442
0.184214	-0.273435
0.185007	-0.27245
0.185803	-0.271462
0.186602	-0.27047
0.187403	-0.269472
0.188206	-0.268469
0.189009	-0.267458
0.18959	-0.266731
0.190191	-0.265992
0.190814	-0.26524
0.191458	-0.264477
0.192123	-0.263701
0.192808	-0.262912
0.193515	-0.262112
0.194243	-0.261299
0.194992	-0.260474
0.195762	-0.259637
0.196553	-0.258787
0.197365	-0.257925
0.198198	-0.257051
0.199053	-0.256165
0.199928	-0.255266
0.200824	-0.254355
0.201741	-0.253432
0.202679	-0.252497
0.203639	-0.251549
0.204619	-0.250589
0.205621	-0.249617
0.206643	-0.248633
0.207687	-0.247636
0.208751	-0.246627
0.209837	-0.245606
0.210943	-0.244572
0.212071	-0.243527
0.21322	-0.242469
0.214389	-0.241398
0.21558	-0.240316
0.216792	-0.239221
0.218025	-0.238114
0.219279	-0.236995
0.220554	-0.235863
0.22185	-0.234719
0.223167	-0.233563
0.224505	-0.232395
0.225864	-0.231214
0.227244	-0.230021
0.228645	-0.228816
0.230067	-0.227599
0.23151	-0.226369
0.232975	-0.225127
0.23446	-0.223873
0.235966	-0.222606
0.237494	-0.221328
0.239042	-0.220037
0.240611	-0.218734
0.242202	-0.217418
0.238183	-0.217431
0.234227	-0.217397
0.230332	-0.217319
0.226497	-0.217196
0.222719	-0.217032
0.218996	-0.216827
0.215326	-0.216583
0.211707	-0.2163
0.208137	-0.215982
0.204614	-0.215629
0.201135	-0.215242
0.197699	-0.214823
0.194304	-0.214373
0.190947	-0.213895
0.187626	-0.213388
0.18434	-0.212856
0.181086	-0.212298
0.177863	-0.211718
0.174667	-0.211115
0.171498	-0.210492
0.168352	-0.209849
0.165228	-0.20919
0.162124	-0.208514
0.159038	-0.207823
0.155968	-0.207119
0.152911	-0.206404
0.149865	-0.205677
0.146829	-0.204942
0.1438	-0.2042
0.140776	-0.203451
0.137756	-0.202698
0.134737	-0.201942
0.131717	-0.201184
0.128693	-0.200426
0.125665	-0.199669
0.122629	-0.198914
0.119584	-0.198164
0.116528	-0.197419
0.113458	-0.196681
0.110373	-0.195951
0.10727	-0.195232
0.104147	-0.194523
0.101003	-0.193828
0.0978345	-0.193146
0.0946404	-0.19248
0.0914183	-0.191832
0.0881661	-0.191201
0.0848818	-0.190591
0.0815632	-0.190002
0.0788747	-0.189358
0.0762017	-0.188712
0.0735434	-0.188066
0.0708987	-0.18742
0.0682666	-0.186774
0.0656463	-0.186128
0.0630368	-0.185483
0.0604371	-0.184839
0.0578463	-0.184197
0.0552634	-0.183555
0.0526875	-0.182916
0.0501176	-0.18228
0.0475527	-0.181645
0.044992	-0.181014
0.0424344	-0.180386
0.0398791	-0.179761
0.0373249	-0.179141
0.0347711	-0.178524
0.0322166	-0.177912
0.0296605	-0.177305
0.0271018	-0.176702
0.0245397	-0.176106
0.021973	-0.175515
0.0194009	-0.17493
0.0168225	-0.174351
0.0142367	-0.173779
0.0116426	-0.173215
0.00903933	-0.172657
0.00642584	-0.172107
0.0038012	-0.171565
0.00116447	-0.171032
-0.00148531	-0.170507
-0.0041491	-0.169991
-0.00682784	-0.169484
-0.00952249	-0.168987
-0.012234	-0.168499
-0.0149633	-0.168022
-0.0177114	-0.167555
-0.0204792	-0.167099
-0.0232677	-0.166654
-0.0260779	-0.166221
-0.0289106	-0.165799
-0.0317668	-0.165389
-0.0346476	-0.164992
-0.0375537	-0.164608
-0.0404863	-0.164236
-0.0434462	-0.163878
-0.0464344	-0.163534
-0.0494519	-0.163203
-0.0555552	-0.163534
-0.0616429	-0.163968
-0.0677149	-0.164496
-0.0737707	-0.16511
-0.0798101	-0.165803
-0.0858327	-0.166565
-0.0918382	-0.167388
-0.0978262	-0.168265
-0.103796	-0.169186
-0.109749	-0.170144
-0.115682	-0.171131
-0.121597	-0.172137
-0.127493	-0.173155
-0.13337	-0.174176
-0.139227	-0.175192
-0.145064	-0.176195
-0.15088	-0.177177
-0.156676	-0.178129
-0.16245	-0.179043
-0.168204	-0.179911
-0.173935	-0.180724
-0.179645	-0.181474
-0.185332	-0.182153
-0.190997	-0.182753
-0.196639	-0.183265
-0.202257	-0.183681
-0.207852	-0.183992
-0.213422	-0.184191
-0.218969	-0.18427
-0.224491	-0.184219
-0.229988	-0.184031
-0.235459	-0.183697
-0.240905	-0.183209
-0.246325	-0.182559
-0.251719	-0.181738
-0.257086	-0.180738
-0.262427	-0.179552
-0.26774	-0.178169
-0.273025	-0.176584
-0.278283	-0.174786
-0.283513	-0.172768
-0.288714	-0.170522
-0.293886	-0.168038
-0.299029	-0.16531
-0.304142	-0.162328
-0.309226	-0.159085
-0.314279	-0.155572
-0.319302	-0.15178
-0.324294	-0.147702
-0.326045	-0.14621
-0.327815	-0.144693
-0.3296	-0.143149
-0.331401	-0.141581
-0.333215	-0.139988
-0.33504	-0.138371
-0.336875	-0.136731
-0.338718	-0.135067
-0.340568	-0.133381
-0.342422	-0.131674
-0.34428	-0.129944
-0.34614	-0.128194
-0.347999	-0.126423
-0.349857	-0.124633
-0.351711	-0.122823
-0.353561	-0.120994
-0.355404	-0.119147
-0.357238	-0.117282
-0.359063	-0.115399
-0.360876	-0.1135
-0.362675	-0.111584
-0.36446	-0.109653
-0.366229	-0.107706
-0.367979	-0.105745
-0.369709	-0.103769
-0.371418	-0.10178
-0.373104	-0.0997774
-0.374765	-0.0977621
-0.3764	-0.0957345
-0.378006	-0.0936953
-0.379583	-0.091645
-0.381128	-0.089584
-0.382641	-0.0875128
-0.384119	-0.085432
-0.38556	-0.0833421
-0.386964	-0.0812436
-0.388328	-0.0791371
-0.38965	-0.0770229
-0.39093	-0.0749017
-0.392166	-0.072774
-0.393355	-0.0706402
-0.394496	-0.068501
-0.395588	-0.0663567
-0.396628	-0.0642079
-0.397616	-0.0620552
-0.39855	-0.059899
-0.399427	-0.0577399
-0.400247	-0.0555784
-0.401007	-0.0534149
-0.402024	-0.0503481
-0.403008	-0.0472769
-0.403962	-0.0442018
-0.404885	-0.0411238
-0.40578	-0.0380434
-0.406647	-0.0349613
-0.407487	-0.0318784
-0.408303	-0.0287953
-0.409093	-0.0257127
-0.409861	-0.0226314
-0.410607	-0.0195521
-0.411333	-0.0164755
-0.412038	-0.0134022
-0.412725	-0.0103331
-0.413395	-0.00726889
-0.414049	-0.0042102
-0.414688	-0.00115779
-0.415312	0.00188762
-0.415925	0.00492532
-0.416525	0.00795458
-0.417115	0.0109747
-0.417696	0.0139849
-0.418269	0.0169846
-0.418835	0.0199729
-0.419395	0.0229492
-0.41995	0.0259128
-0.420502	0.0288629
-0.421051	0.0317989
-0.421599	0.0347199
-0.422147	0.0376254
-0.422697	0.0405145
-0.423248	0.0433866
-0.423803	0.0462408
-0.424362	0.0490767
-0.424927	0.0518933
-0.425499	0.05469
-0.426079	0.057466
-0.426668	0.0602207
-0.427267	0.0629534
-0.427878	0.0656632
-0.428501	0.0683495
-0.429138	0.0710116
-0.42979	0.0736488
-0.430458	0.0762603
-0.431143	0.0788454
-0.431846	0.0814035
-0.432569	0.0839337
-0.433313	0.0864354
-0.434078	0.0889078
-0.434818	0.0912618
-0.435562	0.0936497
-0.43631	0.0960698
-0.437062	0.0985205
-0.437818	0.101
-0.438579	0.103508
-0.439345	0.106041
-0.440116	0.108598
-0.440892	0.111178
-0.441673	0.11378
-0.442459	0.1164
-0.443252	0.119039
-0.44405	0.121694
-0.444854	0.124364
-0.445665	0.127047
-0.446482	0.129742
-0.447306	0.132446
-0.448137	0.135159
-0.448975	0.137879
-0.44982	0.140604
-0.450673	0.143333
-0.451533	0.146063
-0.452402	0.148795
-0.453278	0.151525
-0.454163	0.154252
-0.455056	0.156975
-0.455958	0.159692
-0.456868	0.162402
-0.457788	0.165103
-0.458717	0.167793
-0.459656	0.170471
-0.460604	0.173134
-0.461562	0.175783
-0.46253	0.178414
-0.463508	0.181027
-0.464497	0.18362
-0.465497	0.186191
-0.466507	0.188739
-0.467528	0.191261
-0.468561	0.193757
-0.469605	0.196225
-0.47066	0.198664
-0.471727	0.201071
-0.472807	0.203445
-0.473898	0.205784
-0.475003	0.208088
-0.476119	0.210354
-0.477249	0.21258
-0.478391	0.214766
-0.478604	0.215163
-0.478827	0.215568
-0.479059	0.215981
-0.479301	0.216403
-0.479552	0.216833
-0.479813	0.217271
-0.480083	0.217717
-0.480363	0.218172
-0.480652	0.218635
-0.48095	0.219106
-0.481259	0.219586
-0.481576	0.220073
-0.481903	0.220569
-0.48224	0.221074
-0.482586	0.221586
-0.482942	0.222107
-0.483307	0.222636
-0.483681	0.223174
-0.484065	0.223719
-0.484459	0.224273
-0.484862	0.224836
-0.485274	0.225406
-0.485696	0.225985
-0.486128	0.226572
-0.486569	0.227167
-0.487019	0.227771
-0.487479	0.228383
-0.487949	0.229003
-0.488428	0.229631
-0.488916	0.230268
-0.489414	0.230913
-0.489922	0.231566
-0.490439	0.232227
-0.490965	0.232897
-0.491501	0.233575
-0.492046	0.234261
-0.492601	0.234956
-0.493166	0.235659
-0.493739	0.23637
-0.494323	0.237089
-0.494916	0.237817
-0.495518	0.238553
-0.49613	0.239297
-0.496751	0.24005
-0.497382	0.24081
-0.498022	0.241579
-0.498672	0.242357
-0.499331	0.243142
-0.5	0.243936
-0.499918	0.245394
-0.499836	0.246853
-0.499754	0.248311
-0.499672	0.249769
-0.49959	0.251228
-0.499508	0.252686
-0.499426	0.254145
-0.499344	0.255603
-0.499262	0.257061
-0.49918	0.25852
-0.499098	0.259978
-0.499016	0.261436
-0.498934	0.262895
-0.498852	0.264353
-0.49877	0.265812
-0.498688	0.26727
-0.498606	0.268728
-0.498524	0.270187
-0.498442	0.271645
-0.49836	0.273103
-0.498278	0.274562
-0.498196	0.27602
-0.498114	0.277478
-0.498032	0.278937
-0.497951	0.280395
-0.497869	0.281854
-0.497787	0.283312
-0.497705	0.28477
-0.497623	0.286229
-0.497541	0.287687
-0.497459	0.289145
-0.497377	0.290604
-0.497295	0.292062
-0.497213	0.29352
-0.497131	0.294979
-0.497049	0.296437
-0.496967	0.297896
-0.496885	0.299354
-0.496803	0.300812
-0.496721	0.302271
-0.496639	0.303729
-0.496557	0.305187
-0.496475	0.306646
-0.496393	0.308104
-0.496311	0.309563
-0.496229	0.311021
-0.496147	0.312479
-0.496065	0.313938
-0.495983	0.315396
-0.495101	0.314367
-0.494218	0.313339
-0.493336	0.31231
-0.492453	0.311281
-0.491571	0.310252
-0.490689	0.309224
-0.489806	0.308195
-0.488924	0.307166
-0.488041	0.306138
-0.487159	0.305109
-0.486277	0.30408
-0.485394	0.303051
-0.484512	0.302023
-0.483629	0.300994
-0.482747	0.299965
-0.481864	0.298937
-0.480982	0.297908
-0.4801	0.296879
-0.479217	0.29585
-0.478335	0.294822
-0.477452	0.293793
-0.47657	0.292764
-0.475688	0.291736
-0.474805	0.290707
-0.473923	0.289678
-0.47304	0.288649
-0.472158	0.287621
-0.471276	0.286592
-0.470393	0.285563
-0.469511	0.284535
-0.468628	0.283506
-0.467746	0.282477
-0.466864	0.281448
-0.465981	0.28042
-0.465099	0.279391
-0.464216	0.278362
-0.463334	0.277334
-0.462451	0.276305
-0.461569	0.275276
-0.460687	0.274247
-0.459804	0.273219
-0.458922	0.27219
-0.458039	0.271161
-0.457157	0.270133
-0.456275	0.269104
-0.455392	0.268075
-0.45451	0.267046
-0.453627	0.266018
-0.452745	0.264989
-0.452928	0.263717
-0.453103	0.262462
-0.45327	0.261222
-0.45343	0.259998
-0.453583	0.258789
-0.453728	0.257597
-0.453866	0.25642
-0.453996	0.25526
-0.454118	0.254115
-0.454233	0.252986
-0.454341	0.251872
-0.454441	0.250775
-0.454533	0.249694
-0.454618	0.248628
-0.454696	0.247578
-0.454766	0.246544
-0.454828	0.245526
-0.454883	0.244524
-0.45493	0.243537
-0.45497	0.242567
-0.455003	0.241612
-0.455028	0.240673
-0.455045	0.23975
-0.455055	0.238843
-0.455057	0.237951
-0.455052	0.237076
-0.455039	0.236216
-0.455019	0.235372
-0.454992	0.234544
-0.454956	0.233732
-0.454914	0.232936
-0.454864	0.232155
-0.454806	0.231391
-0.454741	0.230642
-0.454668	0.229909
-0.454588	0.229192
-0.4545	0.22849
-0.454405	0.227805
-0.454302	0.227135
-0.454192	0.226482
-0.454074	0.225844
-0.453948	0.225222
-0.453816	0.224616
-0.453675	0.224025
-0.453527	0.223451
-0.453372	0.222892
-0.453209	0.222349
-0.453039	0.221822
-0.452861	0.221311
-0.452136	0.219322
-0.451373	0.217262
-0.450572	0.215131
-0.449735	0.212934
-0.448864	0.210673
-0.447961	0.208349
-0.447027	0.205967
-0.446063	0.203527
-0.445072	0.201034
-0.444055	0.198489
-0.443013	0.195894
-0.441948	0.193253
-0.440861	0.190569
-0.439755	0.187842
-0.438631	0.185077
-0.43749	0.182276
-0.436334	0.179441
-0.435165	0.176575
-0.433983	0.17368
-0.432792	0.170759
-0.431592	0.167814
-0.430384	0.164848
-0.429171	0.161864
-0.427955	0.158864
-0.426736	0.155851
-0.425516	0.152827
-0.424297	0.149795
-0.423081	0.146757
-0.421869	0.143716
-0.420662	0.140674
-0.419463	0.137634
-0.418272	0.134599
-0.417092	0.131571
-0.415923	0.128553
-0.414769	0.125547
-0.413629	0.122555
-0.412507	0.119581
-0.411402	0.116627
-0.410318	0.113695
-0.409255	0.110788
-0.408215	0.107909
-0.4072	0.105059
-0.406212	0.102243
-0.405251	0.099461
-0.40432	0.0967171
-0.403419	0.0940136
-0.402552	0.0913528
-0.401718	0.0887375
-0.400921	0.0861701
-0.400558	0.0849757
-0.400191	0.0837477
-0.39982	0.0824861
-0.399444	0.081191
-0.399065	0.0798624
-0.398681	0.0785001
-0.398293	0.0771043
-0.397901	0.0756749
-0.397504	0.074212
-0.397104	0.0727155
-0.396699	0.0711854
-0.39629	0.0696218
-0.395877	0.0680246
-0.39546	0.0663938
-0.395038	0.0647295
-0.394612	0.0630316
-0.394183	0.0613002
-0.393749	0.0595351
-0.39331	0.0577366
-0.392868	0.0559044
-0.392421	0.0540387
-0.391971	0.0521394
-0.391516	0.0502066
-0.391057	0.0482402
-0.390593	0.0462402
-0.390126	0.0442067
-0.389654	0.0421396
-0.389178	0.0400389
-0.388698	0.0379047
-0.388214	0.0357369
-0.387726	0.0335355
-0.387233	0.0313006
-0.386736	0.0290321
-0.386235	0.02673
-0.38573	0.0243944
-0.385221	0.0220252
-0.384707	0.0196225
-0.38419	0.0171861
-0.383668	0.0147163
-0.383142	0.0122128
-0.382612	0.00967581
-0.382077	0.00710523
-0.381538	0.0045011
-0.380996	0.00186339
-0.380449	-0.000807877
-0.379898	-0.00351271
-0.379342	-0.00625111
-0.378783	-0.00902307
-0.378219	-0.0118286
-0.377854	-0.0117216
-0.37749	-0.0116146
-0.377125	-0.0115075
-0.37676	-0.0114005
-0.376395	-0.0112935
-0.376031	-0.0111865
-0.375666	-0.0110794
-0.375301	-0.0109724
-0.374936	-0.0108654
-0.374572	-0.0107584
-0.374207	-0.0106514
-0.373842	-0.0105443
-0.373477	-0.0104373
-0.373113	-0.0103303
-0.372748	-0.0102233
-0.372383	-0.0101162
-0.372019	-0.0100092
-0.371654	-0.0099022
-0.371289	-0.00979517
-0.370924	-0.00968815
-0.37056	-0.00958113
-0.370195	-0.00947411
-0.36983	-0.00936708
-0.369465	-0.00926006
-0.369101	-0.00915304
-0.368736	-0.00904602
-0.368371	-0.00893899
-0.368006	-0.00883197
-0.367642	-0.00872495
-0.367277	-0.00861793
-0.366912	-0.0085109
-0.366547	-0.00840388
-0.366183	-0.00829686
-0.365818	-0.00818984
-0.365453	-0.00808281
-0.365089	-0.00797579
-0.364724	-0.00786877
-0.364359	-0.00776175
-0.363994	-0.00765472
-0.36363	-0.0075477
-0.363265	-0.00744068
-0.3629	-0.00733366
-0.362535	-0.00722663
-0.362171	-0.00711961
-0.361806	-0.00701259
-0.361441	-0.00690557
-0.361076	-0.00679854
-0.360712	-0.00669152
-0.360347	-0.0065845
-0.360508	-0.00358092
-0.360589	-0.000603766
-0.360596	0.00234786
-0.360531	0.00527482
-0.360399	0.008178
-0.360202	0.0110583
-0.359946	0.0139165
-0.359632	0.0167536
-0.359266	0.0195705
-0.35885	0.0223679
-0.358388	0.0251468
-0.357885	0.0279081
-0.357343	0.0306527
-0.356767	0.0333813
-0.35616	0.036095
-0.355526	0.0387945
-0.354868	0.0414808
-0.354191	0.0441547
-0.353497	0.0468172
-0.352791	0.049469
-0.352076	0.0521111
-0.351356	0.0547443
-0.350635	0.0573696
-0.349916	0.0599878
-0.349203	0.0625997
-0.3485	0.0652063
-0.34781	0.0678084
-0.347137	0.070407
-0.346485	0.0730028
-0.345857	0.0755968
-0.345258	0.0781899
-0.34469	0.0807829
-0.344158	0.0833766
-0.343665	0.0859721
-0.343214	0.0885701
-0.342811	0.0911716
-0.342457	0.0937774
-0.342158	0.0963884
-0.341916	0.0990054
-0.341735	0.101629
-0.34162	0.104261
-0.341573	0.106902
-0.341598	0.109552
-0.3417	0.112212
-0.341881	0.114884
-0.342146	0.117569
-0.342497	0.120266
-0.34294	0.122977
-0.343477	0.125703
-0.343673	0.126559
-0.343898	0.127438
-0.344153	0.12834
-0.344438	0.129264
-0.344752	0.130212
-0.345096	0.131183
-0.345469	0.132177
-0.345872	0.133193
-0.346305	0.134233
-0.346767	0.135296
-0.347258	0.136381
-0.34778	0.13749
-0.348331	0.138622
-0.348911	0.139776
-0.349522	0.140954
-0.350161	0.142155
-0.350831	0.143378
-0.35153	0.144625
-0.352258	0.145894
-0.353016	0.147187
-0.353804	0.148502
-0.354621	0.149841
-0.355468	0.151202
-0.356345	0.152587
-0.357251	0.153994
-0.358187	0.155424
-0.359152	0.156878
-0.360147	0.158354
-0.361172	0.159854
-0.362226	0.161376
-0.363309	0.162921
-0.364423	0.16449
-0.365566	0.166081
-0.366738	0.167695
-0.36794	0.169332
-0.369172	0.170993
-0.370433	0.172676
-0.371724	0.174382
-0.373045	0.176111
-0.374395	0.177863
-0.375775	0.179639
-0.377184	0.181437
-0.378623	0.183258
-0.380091	0.185102
-0.38159	0.186969
-0.383117	0.188859
-0.384675	0.190772
-0.386261	0.192708
-0.387878	0.194667
-0.388211	0.198341
-0.388544	0.202014
-0.388877	0.205688
-0.38921	0.209361
-0.389542	0.213035
-0.389875	0.216708
-0.390208	0.220382
-0.390541	0.224055
-0.390874	0.227729
-0.391207	0.231403
-0.39154	0.235076
-0.391873	0.23875
-0.392205	0.242423
-0.392538	0.246097
-0.392871	0.24977
-0.393204	0.253444
-0.393537	0.257117
-0.39387	0.260791
-0.394203	0.264464
-0.394536	0.268138
-0.394868	0.271812
-0.395201	0.275485
-0.395534	0.279159
-0.395867	0.282832
-0.3962	0.286506
-0.396533	0.290179
-0.396866	0.293853
-0.397199	0.297526
-0.397531	0.3012
-0.397864	0.304874
-0.398197	0.308547
-0.39853	0.312221
-0.398863	0.315894
-0.399196	0.319568
-0.399529	0.323241
-0.399862	0.326915
-0.400194	0.330588
-0.400527	0.334262
-0.40086	0.337935
-0.401193	0.341609
-0.401526	0.345283
-0.401859	0.348956
-0.402192	0.35263
-0.402525	0.356303
-0.402857	0.359977
-0.40319	0.36365
-0.403523	0.367324
-0.403856	0.370997
-0.404189	0.374671
-0.403926	0.375554
-0.403664	0.376438
-0.403401	0.377321
-0.403138	0.378204
-0.402876	0.379088
-0.402613	0.379971
-0.40235	0.380854
-0.402088	0.381738
-0.401825	0.382621
-0.401562	0.383504
-0.4013	0.384388
-0.401037	0.385271
-0.400775	0.386154
-0.400512	0.387038
-0.400249	0.387921
-0.399987	0.388804
-0.399724	0.389688
-0.399461	0.390571
-0.399199	0.391454
-0.398936	0.392338
-0.398673	0.393221
-0.398411	0.394104
-0.398148	0.394988
-0.397885	0.395871
-0.397623	0.396754
-0.39736	0.397637
-0.397097	0.398521
-0.396835	0.399404
-0.396572	0.400287
-0.396309	0.401171
-0.396047	0.402054
-0.395784	0.402937
-0.395521	0.403821
-0.395259	0.404704
-0.394996	0.405587
-0.394733	0.406471
-0.394471	0.407354
-0.394208	0.408237
-0.393946	0.409121
-0.393683	0.410004
-0.39342	0.410887
-0.393158	0.411771
-0.392895	0.412654
-0.392632	0.413537
-0.39237	0.414421
-0.392107	0.415304
-0.391844	0.416187
-0.391582	0.417071
-0.391319	0.417954
-0.389887	0.417955
-0.388455	0.417956
-0.387023	0.417957
-0.385591	0.417958
-0.384159	0.417959
-0.382727	0.41796
-0.381295	0.417961
-0.379863	0.417962
-0.378431	0.417963
-0.376999	0.417964
-0.375567	0.417965
-0.374135	0.417966
-0.372703	0.417967
-0.371271	0.417968
-0.369839	0.417969
-0.368407	0.41797
-0.366975	0.417971
-0.365543	0.417972
-0.364111	0.417973
-0.362679	0.417974
-0.361247	0.417975
-0.359815	0.417976
-0.358383	0.417977
-0.356951	0.417978
-0.355519	0.417979
-0.354087	0.41798
-0.352655	0.417981
-0.351223	0.417982
-0.349791	0.417983
-0.348359	0.417984
-0.346927	0.417985
-0.345495	0.417986
-0.344063	0.417987
-0.342631	0.417988
-0.341199	0.417989
-0.339767	0.41799
-0.338335	0.417991
-0.336903	0.417992
-0.335471	0.417993
-0.334039	0.417994
-0.332607	0.417995
-0.331175	0.417996
-0.329743	0.417997
-0.328311	0.417998
-0.326879	0.417999
-0.325447	0.418
-0.324015	0.418001
-0.322583	0.418002
-0.321151	0.418003
-0.321991	0.417023
-0.322831	0.416044
-0.323672	0.415064
-0.324512	0.414084
-0.325352	0.413104
-0.326192	0.412125
-0.327033	0.411145
-0.327873	0.410165
-0.328713	0.409185
-0.329553	0.408206
-0.330394	0.407226
-0.331234	0.406246
-0.332074	0.405266
-0.332914	0.404287
-0.333755	0.403307
-0.334595	0.402327
-0.335435	0.401348
-0.336275	0.400368
-0.337116	0.399388
-0.337956	0.398408
-0.338796	0.397429
-0.339636	0.396449
-0.340477	0.395469
-0.341317	0.394489
-0.342157	0.39351
-0.342997	0.39253
-0.343838	0.39155
-0.344678	0.39057
-0.345518	0.389591
-0.346358	0.388611
-0.347199	0.387631
-0.348039	0.386651
-0.348879	0.385672
-0.349719	0.384692
-0.35056	0.383712
-0.3514	0.382733
-0.35224	0.381753
-0.35308	0.380773
-0.353921	0.379793
-0.354761	0.378814
-0.355601	0.377834
-0.356441	0.376854
-0.357282	0.375874
-0.358122	0.374895
-0.358962	0.373915
-0.359802	0.372935
-0.360643	0.371955
-0.361483	0.370976
-0.362323	0.369996
-0.361316	0.366459
-0.360311	0.362964
-0.35931	0.359511
-0.35831	0.356101
-0.357314	0.352733
-0.35632	0.349408
-0.355329	0.346125
-0.35434	0.342884
-0.353354	0.339686
-0.352371	0.33653
-0.35139	0.333417
-0.350412	0.330346
-0.349437	0.327317
-0.348464	0.324331
-0.347494	0.321387
-0.346527	0.318485
-0.345562	0.315626
-0.3446	0.312809
-0.343641	0.310035
-0.342684	0.307303
-0.34173	0.304613
-0.340778	0.301966
-0.33983	0.299361
-0.338883	0.296798
-0.33794	0.294278
-0.336999	0.2918
-0.336061	0.289365
-0.335125	0.286972
-0.334192	0.284622
-0.333262	0.282313
-0.332334	0.280048
-0.331409	0.277824
-0.330487	0.275643
-0.329567	0.273504
-0.32865	0.271408
-0.327736	0.269354
-0.326824	0.267343
-0.325915	0.265373
-0.325009	0.263447
-0.324105	0.261562
-0.323204	0.25972
-0.322305	0.257921
-0.321409	0.256163
-0.320516	0.254449
-0.319626	0.252776
-0.318738	0.251146
-0.317853	0.249558
-0.31697	0.248013
-0.31609	0.24651
-0.315317	0.245232
-0.314503	0.243937
-0.313648	0.242622
-0.312751	0.24129
-0.311814	0.23994
-0.310835	0.238571
-0.309815	0.237184
-0.308754	0.235779
-0.307651	0.234356
-0.306508	0.232914
-0.305323	0.231454
-0.304097	0.229976
-0.30283	0.22848
-0.301522	0.226966
-0.300172	0.225433
-0.298782	0.223882
-0.29735	0.222313
-0.295877	0.220726
-0.294363	0.219121
-0.292807	0.217497
-0.291211	0.215855
-0.289573	0.214195
-0.287894	0.212517
-0.286174	0.21082
-0.284412	0.209106
-0.28261	0.207373
-0.280766	0.205622
-0.278881	0.203852
-0.276955	0.202065
-0.274988	0.200259
-0.27298	0.198435
-0.27093	0.196593
-0.268839	0.194732
-0.266707	0.192854
-0.264534	0.190957
-0.26232	0.189042
-0.260064	0.187109
-0.257767	0.185157
-0.255429	0.183187
-0.25305	0.1812
-0.25063	0.179193
-0.248169	0.177169
-0.245666	0.175127
-0.243122	0.173066
-0.240537	0.170987
-0.237911	0.16889
-0.235243	0.166774
-0.232535	0.164641
-0.229785	0.162489
-0.229642	0.163606
-0.229499	0.164722
-0.229355	0.165839
-0.229212	0.166956
-0.229069	0.168072
-0.228926	0.169189
-0.228782	0.170306
-0.228639	0.171422
-0.228496	0.172539
-0.228353	0.173656
-0.22821	0.174772
-0.228066	0.175889
-0.227923	0.177005
-0.22778	0.178122
-0.227637	0.179239
-0.227493	0.180355
-0.22735	0.181472
-0.227207	0.182589
-0.227064	0.183705
-0.226921	0.184822
-0.226777	0.185939
-0.226634	0.187055
-0.226491	0.188172
-0.226348	0.189289
-0.226204	0.190405
-0.226061	0.191522
-0.225918	0.192639
-0.225775	0.193755
-0.225631	0.194872
-0.225488	0.195989
-0.225345	0.197105
-0.225202	0.198222
-0.225059	0.199339
-0.224915	0.200455
-0.224772	0.201572
-0.224629	0.202689
-0.224486	0.203805
-0.224342	0.204922
-0.224199	0.206038
-0.224056	0.207155
-0.223913	0.208272
-0.22377	0.209388
-0.223626	0.210505
-0.223483	0.211622
-0.22334	0.212738
-0.223197	0.213855
-0.223053	0.214972
-0.22291	0.216088
-0.222767	0.217205
-0.221643	0.220062
-0.22052	0.22292
-0.219396	0.225777
-0.218273	0.228634
-0.217149	0.231492
-0.216026	0.234349
-0.214902	0.237206
-0.213779	0.240064
-0.212655	0.242921
-0.211532	0.245778
-0.210408	0.248636
-0.209285	0.251493
-0.208161	0.25435
-0.207038	0.257208
-0.205914	0.260065
-0.204791	0.262922
-0.203667	0.26578
-0.202543	0.268637
-0.20142	0.271494
-0.200296	0.274352
-0.199173	0.277209
-0.198049	0.280066
-0.196926	0.282924
-0.195802	0.285781
-0.194679	0.288638
-0.193555	0.291495
-0.192432	0.294353
-0.191308	0.29721
-0.190185	0.300067
-0.189061	0.302925
-0.187938	0.305782
-0.186814	0.308639
-0.18569	0.311497
-0.184567	0.314354
-0.183443	0.317211
-0.18232	0.320069
-0.181196	0.322926
-0.180073	0.325783
-0.178949	0.328641
-0.177826	0.331498
-0.176702	0.334355
-0.175579	0.337213
-0.174455	0.34007
-0.173332	0.342927
-0.172208	0.345785
-0.171085	0.348642
-0.169961	0.351499
-0.168838	0.354357
-0.167714	0.357214
-0.16707	0.358428
-0.166426	0.359641
-0.165782	0.360855
-0.165138	0.362069
-0.164494	0.363282
-0.16385	0.364496
-0.163207	0.365709
-0.162563	0.366923
-0.161919	0.368137
-0.161275	0.36935
-0.160631	0.370564
-0.159987	0.371778
-0.159343	0.372991
-0.158699	0.374205
-0.158055	0.375418
-0.157411	0.376632
-0.156767	0.377846
-0.156123	0.379059
-0.15548	0.380273
-0.154836	0.381487
-0.154192	0.3827
-0.153548	0.383914
-0.152904	0.385128
-0.15226	0.386341
-0.151616	0.387555
-0.150972	0.388768
-0.150328	0.389982
-0.149684	0.391196
-0.14904	0.392409
-0.148396	0.393623
-0.147753	0.394837
-0.147109	0.39605
-0.146465	0.397264
-0.145821	0.398478
-0.145177	0.399691
-0.144533	0.400905
-0.143889	0.402118
-0.143245	0.403332
-0.142601	0.404546
-0.141957	0.405759
-0.141313	0.406973
-0.140669	0.408187
-0.140026	0.4094
-0.139382	0.410614
-0.138738	0.411827
-0.138094	0.413041
-0.13745	0.414255
-0.136806	0.415468
-0.136162	0.416682
-0.134645	0.416688
-0.133127	0.416694
-0.13161	0.4167
-0.130092	0.416706
-0.128575	0.416713
-0.127058	0.416719
-0.12554	0.416725
-0.124023	0.416731
-0.122506	0.416737
-0.120988	0.416743
-0.119471	0.416749
-0.117953	0.416755
-0.116436	0.416761
-0.114919	0.416767
-0.113401	0.416774
-0.111884	0.41678
-0.110366	0.416786
-0.108849	0.416792
-0.107332	0.416798
-0.105814	0.416804
-0.104297	0.41681
-0.10278	0.416816
-0.101262	0.416822
-0.0997448	0.416828
-0.0982274	0.416835
-0.09671	0.416841
-0.0951926	0.416847
-0.0936753	0.416853
-0.0921579	0.416859
-0.0906405	0.416865
-0.0891231	0.416871
-0.0876057	0.416877
-0.0860883	0.416883
-0.084571	0.416889
-0.0830536	0.416896
-0.0815362	0.416902
-0.0800188	0.416908
-0.0785014	0.416914
-0.076984	0.41692
-0.0754667	0.416926
-0.0739493	0.416932
-0.0724319	0.416938
-0.0709145	0.416944
-0.0693971	0.41695
-0.0678797	0.416957
-0.0663624	0.416963
-0.064845	0.416969
-0.0633276	0.416975
-0.0618102	0.416981
-0.0630965	0.415736
-0.0643413	0.414494
-0.0655467	0.413254
-0.066715	0.412017
-0.0678485	0.410782
-0.0689494	0.409549
-0.0700201	0.408318
-0.0710626	0.407088
-0.0720794	0.405859
-0.0730726	0.40463
-0.0740445	0.403403
-0.0749974	0.402176
-0.0759335	0.400949
-0.0768551	0.399722
-0.0777644	0.398494
-0.0786637	0.397266
-0.0795552	0.396037
-0.0804412	0.394807
-0.081324	0.393575
-0.0822058	0.392342
-0.0830888	0.391107
-0.0839754	0.38987
-0.0848677	0.38863
-0.085768	0.387388
-0.0866786	0.386143
-0.0876018	0.384894
-0.0885397	0.383643
-0.0894947	0.382387
-0.0904689	0.381128
-0.0914648	0.379865
-0.0924844	0.378597
-0.0935301	0.377324
-0.0946041	0.376047
-0.0957087	0.374764
-0.0968462	0.373476
-0.0980187	0.372183
-0.0992285	0.370883
-0.100478	0.369577
-0.101769	0.368265
-0.103105	0.366946
-0.104486	0.365621
-0.105917	0.364288
-0.107398	0.362948
-0.108932	0.3616
-0.110522	0.360244
-0.11217	0.35888
-0.113877	0.357507
-0.115646	0.356126
-0.11748	0.354736
-0.117856	0.352627
-0.118265	0.350466
-0.118704	0.348253
-0.119173	0.345991
-0.119669	0.343682
-0.120192	0.341327
-0.12074	0.338929
-0.121311	0.336489
-0.121904	0.33401
-0.122518	0.331493
-0.123151	0.32894
-0.123801	0.326352
-0.124467	0.323733
-0.125148	0.321084
-0.125842	0.318406
-0.126547	0.315702
-0.127262	0.312973
-0.127986	0.310221
-0.128718	0.307449
-0.129454	0.304658
-0.130195	0.301849
-0.130939	0.299026
-0.131683	0.29619
-0.132428	0.293342
-0.13317	0.290485
-0.133909	0.28762
-0.134644	0.28475
-0.135372	0.281876
-0.136093	0.279
-0.136804	0.276124
-0.137505	0.27325
-0.138193	0.27038
-0.138868	0.267515
-0.139527	0.264659
-0.14017	0.261812
-0.140795	0.258976
-0.1414	0.256153
-0.141984	0.253346
-0.142546	0.250556
-0.143083	0.247784
-0.143595	0.245034
-0.14408	0.242307
-0.144537	0.239604
-0.144963	0.236927
-0.145358	0.234279
-0.14572	0.231662
-0.146047	0.229076
-0.146339	0.226525
-0.146593	0.22401
-0.146171	0.22289
-0.145732	0.221762
-0.145277	0.220626
-0.144807	0.219482
-0.14432	0.21833
-0.143817	0.21717
-0.143298	0.216002
-0.142762	0.214826
-0.142211	0.213642
-0.141644	0.212449
-0.14106	0.211249
-0.14046	0.210041
-0.139844	0.208824
-0.139212	0.2076
-0.138564	0.206367
-0.1379	0.205127
-0.13722	0.203878
-0.136523	0.202621
-0.13581	0.201357
-0.135082	0.200084
-0.134337	0.198803
-0.133576	0.197514
-0.132799	0.196217
-0.132005	0.194912
-0.131196	0.1936
-0.130371	0.192278
-0.129529	0.190949
-0.128671	0.189612
-0.127797	0.188267
-0.126907	0.186914
-0.126001	0.185553
-0.125079	0.184183
-0.124141	0.182806
-0.123186	0.181421
-0.122216	0.180027
-0.121229	0.178626
-0.120226	0.177216
-0.119207	0.175799
-0.118172	0.174373
-0.117121	0.172939
-0.116053	0.171497
-0.11497	0.170048
-0.11387	0.16859
-0.112754	0.167124
-0.111623	0.16565
-0.110475	0.164168
-0.109311	0.162678
-0.10813	0.16118
-0.106934	0.159674
-0.108397	0.158768
-0.109859	0.157862
-0.111322	0.156957
-0.112784	0.156051
-0.114247	0.155145
-0.115709	0.154239
-0.117172	0.153334
-0.118634	0.152428
-0.120097	0.151522
-0.121559	0.150616
-0.123022	0.149711
-0.124484	0.148805
-0.125947	0.147899
-0.127409	0.146993
-0.128872	0.146088
-0.130334	0.145182
-0.131797	0.144276
-0.133259	0.14337
-0.134722	0.142465
-0.136184	0.141559
-0.137647	0.140653
-0.139109	0.139747
-0.140572	0.138842
-0.142034	0.137936
-0.143497	0.13703
-0.144959	0.136124
-0.146422	0.135219
-0.147884	0.134313
-0.149347	0.133407
-0.150809	0.132501
-0.152272	0.131596
-0.153734	0.13069
-0.155197	0.129784
-0.156659	0.128878
-0.158122	0.127973
-0.159584	0.127067
-0.161047	0.126161
-0.162509	0.125255
-0.163972	0.12435
-0.165434	0.123444
-0.166897	0.122538
-0.168359	0.121632
-0.169822	0.120727
-0.171284	0.119821
-0.172747	0.118915
-0.174209	0.118009
-0.175672	0.117104
-0.177134	0.116198
-0.178597	0.115292
-0.178182	0.114916
-0.177766	0.11454
-0.177351	0.114164
-0.176935	0.113788
-0.17652	0.113412
-0.176104	0.113036
-0.175689	0.11266
-0.175273	0.112284
-0.174858	0.111908
-0.174442	0.111532
-0.174027	0.111157
-0.173611	0.110781
-0.173196	0.110405
-0.17278	0.110029
-0.172365	0.109653
-0.171949	0.109277
-0.171534	0.108901
-0.171118	0.108525
-0.170703	0.108149
-0.170287	0.107773
-0.169872	0.107397
-0.169456	0.107021
-0.169041	0.106645
-0.168625	0.106269
-0.16821	0.105893
-0.167794	0.105517
-0.167379	0.105141
-0.166963	0.104765
-0.166548	0.104389
-0.166132	0.104013
-0.165717	0.103637
-0.165301	0.103262
-0.164886	0.102886
-0.16447	0.10251
-0.164055	0.102134
-0.163639	0.101758
-0.163224	0.101382
-0.162808	0.101006
-0.162393	0.10063
-0.161977	0.100254
-0.161562	0.0998779
-0.161146	0.099502
-0.160731	0.099126
-0.160315	0.0987501
-0.1599	0.0983741
-0.159484	0.0979982
-0.159069	0.0976222
-0.158653	0.0972463
-0.158238	0.0968703
-0.156575	0.0978229
-0.154912	0.0987754
-0.153249	0.099728
-0.151586	0.100681
-0.149923	0.101633
-0.14826	0.102586
-0.146597	0.103538
-0.144934	0.104491
-0.143271	0.105443
-0.141608	0.106396
-0.139945	0.107349
-0.138282	0.108301
-0.136619	0.109254
-0.134956	0.110206
-0.133293	0.111159
-0.13163	0.112111
-0.129967	0.113064
-0.128304	0.114016
-0.126641	0.114969
-0.124978	0.115922
-0.123315	0.116874
-0.121652	0.117827
-0.119989	0.118779
-0.118326	0.119732
-0.116664	0.120684
-0.115001	0.121637
-0.113338	0.12259
-0.111675	0.123542
-0.110012	0.124495
-0.108349	0.125447
-0.106686	0.1264
-0.105023	0.127352
-0.10336	0.128305
-0.101697	0.129258
-0.100034	0.13021
-0.0983707	0.131163
-0.0967078	0.132115
-0.0950448	0.133068
-0.0933818	0.13402
-0.0917188	0.134973
-0.0900558	0.135925
-0.0883929	0.136878
-0.0867299	0.137831
-0.0850669	0.138783
-0.0834039	0.139736
-0.0817409	0.140688
-0.080078	0.141641
-0.078415	0.142593
-0.076752	0.143546
-0.0740751	0.144339
-0.0713981	0.145131
-0.0687212	0.145924
-0.0660443	0.146717
-0.0633674	0.147509
-0.0606904	0.148302
-0.0580135	0.149094
-0.0553366	0.149887
-0.0526597	0.15068
-0.0499827	0.151472
-0.0473058	0.152265
-0.0446289	0.153058
-0.041952	0.15385
-0.039275	0.154643
-0.0365981	0.155435
-0.0339212	0.156228
-0.0312442	0.157021
-0.0285673	0.157813
-0.0258904	0.158606
-0.0232135	0.159399
-0.0205365	0.160191
-0.0178596	0.160984
-0.0151827	0.161777
-0.0125058	0.162569
-0.00982884	0.163362
-0.00715191	0.164154
-0.00447498	0.164947
-0.00179806	0.16574
0.000878869	0.166532
0.0035558	0.167325
0.00623272	0.168118
0.00890965	0.16891
0.0115866	0.169703
0.0142635	0.170496
0.0169404	0.171288
0.0196174	0.172081
0.0222943	0.172873
0.0249712	0.173666
0.0276481	0.174459
0.0303251	0.175251
0.033002	0.176044
0.0356789	0.176837
0.0383558	0.177629
0.0410328	0.178422
0.0437097	0.179214
0.0463866	0.180007
0.0490635	0.1808
0.0517405	0.181592
0.0544174	0.182385
0.0542793	0.184827
0.0541412	0.187269
0.0540031	0.189711
0.053865	0.192153
0.0537269	0.194595
0.0535888	0.197037
0.0534507	0.199479
0.0533126	0.201921
0.0531744	0.204363
0.0530363	0.206805
0.0528982	0.209247
0.0527601	0.211689
0.052622	0.214132
0.0524839	0.216574
0.0523458	0.219016
0.0522077	0.221458
0.0520696	0.2239
0.0519315	0.226342
0.0517934	0.228784
0.0516553	0.231226
0.0515172	0.233668
0.0513791	0.23611
0.051241	0.238552
0.0511029	0.240994
0.0509647	0.243436
0.0508266	0.245878
0.0506885	0.24832
0.0505504	0.250762
0.0504123	0.253204
0.0502742	0.255646
0.0501361	0.258088
0.049998	0.26053
0.0498599	0.262972
0.0497218	0.265414
0.0495837	0.267856
0.0494456	0.270298
0.0493075	0.272741
0.0491694	0.275183
0.0490313	0.277625
0.0488932	0.280067
0.048755	0.282509
0.0486169	0.284951
0.0484788	0.287393
0.0483407	0.289835
0.0482026	0.292277
0.0480645	0.294719
0.0479264	0.297161
0.0477883	0.299603
0.0476502	0.302045
0.0473931	0.304378
0.0471359	0.30671
0.0468788	0.309043
0.0466217	0.311376
0.0463646	0.313708
0.0461074	0.316041
0.0458503	0.318373
0.0455932	0.320706
0.0453361	0.323039
0.0450789	0.325371
0.0448218	0.327704
0.0445647	0.330037
0.0443076	0.332369
0.0440504	0.334702
0.0437933	0.337034
0.0435362	0.339367
0.043279	0.3417
0.0430219	0.344032
0.0427648	0.346365
0.0425077	0.348698
0.0422505	0.35103
0.0419934	0.353363
0.0417363	0.355696
0.0414792	0.358028
0.041222	0.360361
0.0409649	0.362693
0.0407078	0.365026
0.0404507	0.367359
0.0401935	0.369691
0.0399364	0.372024
0.0396793	0.374357
0.0394222	0.376689
0.039165	0.379022
0.0389079	0.381355
0.0386508	0.383687
0.0383936	0.38602
0.0381365	0.388352
0.0378794	0.390685
0.0376223	0.393018
0.0373651	0.39535
0.037108	0.397683
0.0368509	0.400016
0.0365938	0.402348
0.0363366	0.404681
0.0360795	0.407013
0.0358224	0.409346
0.0355653	0.411679
0.0353081	0.414011
0.035051	0.416344
0.0364047	0.41634
0.0377584	0.416337
0.0391121	0.416333
0.0404659	0.41633
0.0418196	0.416326
0.0431733	0.416323
0.044527	0.416319
0.0458807	0.416316
0.0472344	0.416312
0.0485881	0.416309
0.0499419	0.416305
0.0512956	0.416302
0.0526493	0.416298
0.054003	0.416295
0.0553567	0.416291
0.0567104	0.416288
0.0580641	0.416284
0.0594179	0.41628
0.0607716	0.416277
0.0621253	0.416273
0.063479	0.41627
0.0648327	0.416266
0.0661864	0.416263
0.0675401	0.416259
0.0688939	0.416256
0.0702476	0.416252
0.0716013	0.416249
0.072955	0.416245
0.0743087	0.416242
0.0756624	0.416238
0.0770161	0.416235
0.0783699	0.416231
0.0797236	0.416227
0.0810773	0.416224
0.082431	0.41622
0.0837847	0.416217
0.0851384	0.416213
0.0864921	0.41621
0.0878459	0.416206
0.0891996	0.416203
0.0905533	0.416199
0.091907	0.416196
0.0932607	0.416192
0.0946144	0.416189
0.0959681	0.416185
0.0973219	0.416182
0.0986756	0.416178
0.100029	0.416175
0.101383	0.416171
0.101068	0.415003
0.100752	0.413835
0.100437	0.412668
0.100122	0.4115
0.0998062	0.410332
0.0994908	0.409164
0.0991754	0.407996
0.0988601	0.406829
0.0985447	0.405661
0.0982293	0.404493
0.097914	0.403325
0.0975986	0.402157
0.0972833	0.40099
0.0969679	0.399822
0.0966525	0.398654
0.0963372	0.397486
0.0960218	0.396318
0.0957064	0.395151
0.0953911	0.393983
0.0950757	0.392815
0.0947603	0.391647
0.094445	0.390479
0.0941296	0.389312
0.0938142	0.388144
0.0934989	0.386976
0.0931835	0.385808
0.0928681	0.384641
0.0925528	0.383473
0.0922374	0.382305
0.091922	0.381137
0.0916067	0.379969
0.0912913	0.378802
0.0909759	0.377634
0.0906606	0.376466
0.0903452	0.375298
0.0900298	0.37413
0.0897145	0.372963
0.0893991	0.371795
0.0890838	0.370627
0.0887684	0.369459
0.088453	0.368291
0.0881377	0.367124
0.0878223	0.365956
0.0875069	0.364788
0.0871916	0.36362
0.0868762	0.362452
0.0865608	0.361285
0.0862455	0.360117
0.0859301	0.358949
0.0865514	0.356541
0.0871727	0.354134
0.087794	0.351726
0.0884152	0.349319
0.0890365	0.346911
0.0896578	0.344503
0.0902791	0.342096
0.0909004	0.339688
0.0915217	0.33728
0.0921429	0.334873
0.0927642	0.332465
0.0933855	0.330058
0.0940068	0.32765
0.0946281	0.325242
0.0952494	0.322835
0.0958706	0.320427
0.0964919	0.31802
0.0971132	0.315612
0.0977345	0.313204
0.0983558	0.310797
0.0989771	0.308389
0.0995983	0.305982
0.10022	0.303574
0.100841	0.301166
0.101462	0.298759
0.102083	0.296351
0.102705	0.293943
0.103326	0.291536
0.103947	0.289128
0.104569	0.286721
0.10519	0.284313
0.105811	0.281905
0.106432	0.279498
0.107054	0.27709
0.107675	0.274683
0.108296	0.272275
0.108918	0.269867
0.109539	0.26746
0.11016	0.265052
0.110781	0.262645
0.111403	0.260237
0.112024	0.257829
0.112645	0.255422
0.113267	0.253014
0.113888	0.250606
0.114509	0.248199
0.11513	0.245791
0.115752	0.243384
0.116373	0.240976
0.116992	0.239996
0.11761	0.239017
0.118229	0.238037
0.118847	0.237058
0.119466	0.236078
0.120084	0.235099
0.120703	0.234119
0.121321	0.23314
0.12194	0.23216
0.122558	0.231181
0.123177	0.230201
0.123795	0.229222
0.124414	0.228242
0.125032	0.227263
0.125651	0.226283
0.126269	0.225304
0.126888	0.224324
0.127506	0.223345
0.128125	0.222365
0.128743	0.221386
0.129362	0.220406
0.12998	0.219427
0.130599	0.218447
0.131217	0.217468
0.131836	0.216488
0.132454	0.215509
0.133073	0.214529
0.133691	0.21355
0.13431	0.21257
0.134928	0.211591
0.135547	0.210611
0.136165	0.209632
0.136784	0.208652
0.137402	0.207673
0.138021	0.206693
0.138639	0.205714
0.139258	0.204734
0.139876	0.203755
0.140495	0.202775
0.141113	0.201796
0.141732	0.200816
0.14235	0.199837
0.142969	0.198857
0.143587	0.197878
0.144206	0.196898
0.144824	0.195919
0.145443	0.194939
0.146061	0.19396
0.14668	0.19298
0.148213	0.192401
0.149747	0.191822
0.15128	0.191242
0.152813	0.190663
0.154347	0.190084
0.15588	0.189505
0.157413	0.188926
0.158947	0.188347
0.16048	0.187767
0.162013	0.187188
0.163547	0.186609
0.16508	0.18603
0.166613	0.185451
0.168147	0.184871
0.16968	0.184292
0.171213	0.183713
0.172747	0.183134
0.17428	0.182555
0.175813	0.181976
0.177347	0.181396
0.17888	0.180817
0.180413	0.180238
0.181947	0.179659
0.18348	0.17908
0.185013	0.1785
0.186546	0.177921
0.18808	0.177342
0.189613	0.176763
0.191146	0.176184
0.19268	0.175604
0.194213	0.175025
0.195746	0.174446
0.19728	0.173867
0.198813	0.173288
0.200346	0.172709
0.20188	0.172129
0.203413	0.17155
0.204946	0.170971
0.20648	0.170392
0.208013	0.169813
0.209546	0.169233
0.21108	0.168654
0.212613	0.168075
0.214146	0.167496
0.21568	0.166917
0.217213	0.166338
0.218746	0.165758
0.22028	0.165179
0.221813	0.1646
0.221809	0.166834
0.221806	0.169067
0.221802	0.171301
0.221799	0.173535
0.221795	0.175768
0.221792	0.178002
0.221788	0.180236
0.221785	0.18247
0.221781	0.184703
0.221778	0.186937
0.221774	0.189171
0.221771	0.191404
0.221767	0.193638
0.221764	0.195872
0.22176	0.198105
0.221757	0.200339
0.221753	0.202573
0.221749	0.204806
0.221746	0.20704
0.221742	0.209274
0.221739	0.211508
0.221735	0.213741
0.221732	0.215975
0.221728	0.218209
0.221725	0.220442
0.221721	0.222676
0.221718	0.22491
0.221714	0.227143
0.221711	0.229377
0.221707	0.231611
0.221704	0.233845
0.2217	0.236078
0.221696	0.238312
0.221693	0.240546
0.221689	0.242779
0.221686	0.245013
0.221682	0.247247
0.221679	0.24948
0.221675	0.251714
0.221672	0.253948
0.221668	0.256181
0.221665	0.258415
0.221661	0.260649
0.221658	0.262883
0.221654	0.265116
0.221651	0.26735
0.221647	0.269584
0.221644	0.271817
0.22164	0.274051
0.22203	0.276029
0.222419	0.278006
0.222809	0.279984
0.223199	0.281961
0.223589	0.283939
0.223978	0.285916
0.224368	0.287894
0.224758	0.289871
0.225147	0.291849
0.225537	0.293826
0.225927	0.295804
0.226317	0.297781
0.226706	0.299759
0.227096	0.301736
0.227486	0.303714
0.227875	0.305691
0.228265	0.307669
0.228655	0.309647
0.229045	0.311624
0.229434	0.313602
0.229824	0.315579
0.230214	0.317557
0.230603	0.319534
0.230993	0.321512
0.231383	0.323489
0.231773	0.325467
0.232162	0.327444
0.232552	0.329422
0.232942	0.331399
0.233331	0.333377
0.233721	0.335354
0.234111	0.337332
0.234501	0.33931
0.23489	0.341287
0.23528	0.343265
0.23567	0.345242
0.236059	0.34722
0.236449	0.349197
0.236839	0.351175
0.237229	0.353152
0.237618	0.35513
0.238008	0.357107
0.238398	0.359085
0.238787	0.361062
0.239177	0.36304
0.239567	0.365017
0.239957	0.366995
0.240346	0.368972
0.240736	0.37095
0.240843	0.371859
0.240949	0.372767
0.241056	0.373676
0.241163	0.374584
0.241269	0.375493
0.241376	0.376401
0.241482	0.37731
0.241589	0.378218
0.241696	0.379127
0.241802	0.380035
0.241909	0.380944
0.242016	0.381852
0.242122	0.382761
0.242229	0.383669
0.242335	0.384578
0.242442	0.385486
0.242549	0.386395
0.242655	0.387303
0.242762	0.388212
0.242869	0.38912
0.242975	0.390029
0.243082	0.390937
0.243189	0.391846
0.243295	0.392754
0.243402	0.393663
0.243508	0.394571
0.243615	0.39548
0.243722	0.396388
0.243828	0.397297
0.243935	0.398205
0.244042	0.399114
0.244148	0.400022
0.244255	0.400931
0.244362	0.401839
0.244468	0.402748
0.244575	0.403656
0.244681	0.404565
0.244788	0.405473
0.244895	0.406382
0.245001	0.40729
0.245108	0.408199
0.245215	0.409107
0.245321	0.410016
0.245428	0.410924
0.245534	0.411833
0.245641	0.412741
0.245748	0.41365
0.245854	0.414558
