0.427906	-0.128107
0.429103	-0.127405
0.430308	-0.126717
0.43152	-0.126043
0.432739	-0.125382
0.433965	-0.124734
0.435196	-0.124096
0.436434	-0.123469
0.437676	-0.122853
0.438924	-0.122245
0.440175	-0.121646
0.441431	-0.121054
0.442691	-0.12047
0.443954	-0.119892
0.44522	-0.119319
0.446488	-0.118752
0.447759	-0.118188
0.449031	-0.117627
0.450304	-0.11707
0.451579	-0.116514
0.452853	-0.115959
0.454128	-0.115404
0.455403	-0.114849
0.456677	-0.114293
0.45795	-0.113735
0.459221	-0.113175
0.460491	-0.112611
0.461758	-0.112043
0.463023	-0.111471
0.464284	-0.110892
0.465542	-0.110308
0.466796	-0.109717
0.468046	-0.109117
0.469291	-0.10851
0.470532	-0.107893
0.471766	-0.107266
0.472995	-0.106628
0.474218	-0.105979
0.475434	-0.105318
0.476642	-0.104644
0.477844	-0.103956
0.479037	-0.103254
0.480223	-0.102537
0.4814	-0.101804
0.482567	-0.101054
0.483725	-0.100287
0.484874	-0.099502
0.486012	-0.098698
0.487139	-0.0978746
0.488256	-0.0970308
0.488256	-0.0970308
0.488476	-0.0968402
0.488696	-0.0966496
0.488916	-0.096459
0.489136	-0.0962684
0.489356	-0.0960777
0.489576	-0.0958871
0.489796	-0.0956965
0.490016	-0.0955059
0.490235	-0.0953153
0.490455	-0.0951247
0.490675	-0.0949341
0.490895	-0.0947435
0.491115	-0.0945529
0.491335	-0.0943623
0.491555	-0.0941716
0.491775	-0.093981
0.491995	-0.0937904
0.492215	-0.0935998
0.492435	-0.0934092
0.492655	-0.0932186
0.492875	-0.093028
0.493095	-0.0928374
0.493315	-0.0926468
0.493535	-0.0924562
0.493754	-0.0922655
0.493974	-0.0920749
0.494194	-0.0918843
0.494414	-0.0916937
0.494634	-0.0915031
0.494854	-0.0913125
0.495074	-0.0911219
0.495294	-0.0909313
0.495514	-0.0907407
0.495734	-0.0905501
0.495954	-0.0903594
0.496174	-0.0901688
0.496394	-0.0899782
0.496614	-0.0897876
0.496834	-0.089597
0.497054	-0.0894064
0.497273	-0.0892158
0.497493	-0.0890252
0.497713	-0.0888346
0.497933	-0.088644
0.498153	-0.0884533
0.498373	-0.0882627
0.498593	-0.0880721
0.498813	-0.0878815
0.499033	-0.0876909
0.499058	-0.0874758
0.499084	-0.0872606
0.499109	-0.0870455
0.499134	-0.0868304
0.49916	-0.0866152
0.499185	-0.0864001
0.49921	-0.086185
0.499236	-0.0859698
0.499261	-0.0857547
0.499286	-0.0855396
0.499312	-0.0853244
0.499337	-0.0851093
0.499362	-0.0848941
0.499388	-0.084679
0.499413	-0.0844639
0.499438	-0.0842487
0.499464	-0.0840336
0.499489	-0.0838185
0.499514	-0.0836033
0.49954	-0.0833882
0.499565	-0.0831731
0.49959	-0.0829579
0.499616	-0.0827428
0.499641	-0.0825277
0.499666	-0.0823125
0.499691	-0.0820974
0.499717	-0.0818823
0.499742	-0.0816671
0.499767	-0.081452
0.499793	-0.0812369
0.499818	-0.0810217
0.499843	-0.0808066
0.499869	-0.0805915
0.499894	-0.0803763
0.499919	-0.0801612
0.499945	-0.0799461
0.49997	-0.0797309
0.499995	-0.0795158
0.500021	-0.0793006
0.500046	-0.0790855
0.500071	-0.0788704
0.500097	-0.0786552
0.500122	-0.0784401
0.500147	-0.078225
0.500173	-0.0780098
0.500198	-0.0777947
0.500223	-0.0775796
0.500249	-0.0773644
0.500274	-0.0771493
0.499841	-0.0768288
0.499407	-0.0765168
0.498972	-0.0762132
0.498534	-0.0759181
0.498096	-0.0756314
0.497655	-0.0753532
0.497214	-0.0750835
0.49677	-0.0748222
0.496325	-0.0745693
0.495879	-0.0743249
0.495431	-0.074089
0.494982	-0.0738615
0.494531	-0.0736425
0.494078	-0.0734319
0.493625	-0.0732298
0.493169	-0.0730362
0.492712	-0.072851
0.492254	-0.0726742
0.491793	-0.0725059
0.491332	-0.0723461
0.490869	-0.0721947
0.490404	-0.0720518
0.489938	-0.0719173
0.48947	-0.0717913
0.489001	-0.0716737
0.488531	-0.0715646
0.488058	-0.0714639
0.487585	-0.0713717
0.487109	-0.071288
0.486632	-0.0712127
0.486154	-0.0711459
0.485674	-0.0710875
0.485193	-0.0710376
0.48471	-0.0709961
0.484226	-0.0709631
0.48374	-0.0709385
0.483252	-0.0709224
0.482763	-0.0709147
0.482273	-0.0709155
0.481781	-0.0709248
0.481287	-0.0709425
0.480792	-0.0709687
0.480296	-0.0710033
0.479797	-0.0710464
0.479298	-0.0710979
0.478797	-0.0711579
0.478294	-0.0712264
0.47779	-0.0713032
0.477284	-0.0713886
0.475868	-0.0716672
0.474455	-0.0719559
0.473044	-0.0722545
0.471637	-0.0725625
0.470231	-0.0728798
0.468828	-0.073206
0.467427	-0.0735409
0.466029	-0.0738843
0.464633	-0.0742358
0.463239	-0.0745952
0.461847	-0.0749621
0.460457	-0.0753364
0.459069	-0.0757177
0.457682	-0.0761058
0.456298	-0.0765003
0.454915	-0.0769011
0.453534	-0.0773078
0.452154	-0.0777202
0.450776	-0.0781379
0.4494	-0.0785608
0.448024	-0.0789885
0.44665	-0.0794207
0.445278	-0.0798572
0.443906	-0.0802978
0.442535	-0.080742
0.441166	-0.0811897
0.439797	-0.0816406
0.438429	-0.0820944
0.437062	-0.0825508
0.435696	-0.0830096
0.43433	-0.0834705
0.432965	-0.0839331
0.4316	-0.0843973
0.430236	-0.0848627
0.428872	-0.085329
0.427509	-0.0857961
0.426145	-0.0862636
0.424782	-0.0867312
0.423419	-0.0871988
0.422056	-0.0876658
0.420692	-0.0881323
0.419329	-0.0885977
0.417965	-0.0890619
0.416601	-0.0895246
0.415237	-0.0899855
0.413872	-0.0904444
0.412507	-0.0909009
0.411141	-0.0913548
0.409775	-0.0918058
0.408166	-0.0922964
0.406554	-0.0927796
0.404937	-0.0932549
0.403317	-0.0937222
0.401694	-0.094181
0.400067	-0.0946311
0.398436	-0.0950721
0.396802	-0.0955037
0.395165	-0.0959256
0.393525	-0.0963375
0.391882	-0.096739
0.390237	-0.0971298
0.388588	-0.0975097
0.386937	-0.0978782
0.385283	-0.0982351
0.383626	-0.0985801
0.381968	-0.0989127
0.380307	-0.0992328
0.378643	-0.09954
0.376978	-0.0998339
0.375311	-0.100114
0.373642	-0.100381
0.371971	-0.100633
0.370298	-0.100871
0.368624	-0.101094
0.366949	-0.101302
0.365272	-0.101494
0.363594	-0.10167
0.361914	-0.101831
0.360234	-0.101975
0.358552	-0.102102
0.35687	-0.102212
0.355187	-0.102305
0.353503	-0.102379
0.351819	-0.102436
0.350135	-0.102475
0.348449	-0.102495
0.346764	-0.102496
0.345079	-0.102477
0.343393	-0.102439
0.341708	-0.102381
0.340022	-0.102303
0.338337	-0.102204
0.336652	-0.102084
0.334968	-0.101943
0.333284	-0.10178
0.331601	-0.101595
0.329919	-0.101388
0.328237	-0.101159
0.327623	-0.101067
0.327009	-0.100972
0.326396	-0.100874
0.325783	-0.100773
0.32517	-0.100669
0.324558	-0.100562
0.323946	-0.100452
0.323335	-0.100339
0.322724	-0.100222
0.322114	-0.100103
0.321505	-0.0999797
0.320896	-0.0998536
0.320288	-0.0997242
0.319681	-0.0995916
0.319074	-0.0994556
0.318468	-0.0993163
0.317863	-0.0991736
0.317259	-0.0990276
0.316655	-0.0988781
0.316053	-0.0987253
0.315451	-0.098569
0.314851	-0.0984092
0.314251	-0.0982459
0.313652	-0.0980791
0.313055	-0.0979087
0.312458	-0.0977348
0.311863	-0.0975573
0.311268	-0.0973761
0.310675	-0.0971913
0.310083	-0.0970029
0.309493	-0.0968108
0.308903	-0.0966149
0.308315	-0.0964153
0.307728	-0.096212
0.307143	-0.0960048
0.306559	-0.0957939
0.305976	-0.0955791
0.305395	-0.0953605
0.304815	-0.0951379
0.304237	-0.0949115
0.303661	-0.0946811
0.303086	-0.0944468
0.302512	-0.0942085
0.30194	-0.0939662
0.30137	-0.0937199
0.300802	-0.0934696
0.300235	-0.0932151
0.29967	-0.0929566
0.299107	-0.0926939
0.298408	-0.0923368
0.297718	-0.0919647
0.297037	-0.0915779
0.296365	-0.0911765
0.295704	-0.090761
0.295052	-0.0903315
0.29441	-0.0898883
0.293778	-0.0894317
0.293156	-0.0889619
0.292545	-0.0884793
0.291945	-0.087984
0.291355	-0.0874764
0.290776	-0.0869566
0.290208	-0.0864251
0.289651	-0.085882
0.289106	-0.0853275
0.288572	-0.0847621
0.28805	-0.0841858
0.28754	-0.0835991
0.287041	-0.0830021
0.286555	-0.0823952
0.286081	-0.0817785
0.28562	-0.0811524
0.285171	-0.0805171
0.284735	-0.0798729
0.284312	-0.0792201
0.283901	-0.0785589
0.283505	-0.0778895
0.283121	-0.0772123
0.282751	-0.0765275
0.282395	-0.0758354
0.282053	-0.0751362
0.281724	-0.0744303
0.28141	-0.0737178
0.281111	-0.072999
0.280825	-0.0722743
0.280555	-0.0715438
0.280299	-0.0708079
0.280058	-0.0700667
0.279832	-0.0693206
0.279622	-0.0685699
0.279426	-0.0678147
0.279247	-0.0670554
0.279083	-0.0662922
0.278935	-0.0655255
0.278804	-0.0647553
0.278688	-0.0639821
0.278589	-0.0632061
0.278506	-0.0624275
0.278417	-0.0614
0.278341	-0.0603729
0.278278	-0.0593463
0.278228	-0.05832
0.278191	-0.0572942
0.278165	-0.0562687
0.278151	-0.0552437
0.278148	-0.0542191
0.278156	-0.0531948
0.278174	-0.052171
0.278203	-0.0511475
0.278241	-0.0501244
0.278289	-0.0491017
0.278346	-0.0480794
0.278411	-0.0470574
0.278485	-0.0460358
0.278567	-0.0450145
0.278657	-0.0439936
0.278754	-0.0429731
0.278858	-0.0419529
0.278968	-0.0409331
0.279085	-0.0399136
0.279207	-0.0388944
0.279335	-0.0378756
0.279468	-0.0368571
0.279606	-0.0358389
0.279749	-0.034821
0.279895	-0.0338035
0.280045	-0.0327862
0.280199	-0.0317693
0.280355	-0.0307527
0.280514	-0.0297364
0.280676	-0.0287204
0.280839	-0.0277046
0.281004	-0.0266892
0.28117	-0.025674
0.281337	-0.0246592
0.281504	-0.0236446
0.281671	-0.0226302
0.281839	-0.0216162
0.282005	-0.0206024
0.282171	-0.0195889
0.282335	-0.0185756
0.282498	-0.0175626
0.282659	-0.0165498
0.282817	-0.0155373
0.282973	-0.014525
0.283125	-0.0135129
0.283274	-0.0125011
0.283404	-0.0114575
0.283548	-0.0104171
0.283705	-0.00937998
0.283875	-0.00834609
0.284059	-0.00731541
0.284254	-0.00628791
0.284463	-0.00526358
0.284683	-0.00424238
0.284915	-0.00322429
0.285159	-0.0022093
0.285415	-0.00119738
0.285681	-0.000188508
0.285959	0.000817341
0.286247	0.00182019
0.286545	0.00282006
0.286854	0.00381697
0.287173	0.00481094
0.287501	0.00580201
0.287839	0.00679018
0.288186	0.00777549
0.288541	0.00875796
0.288906	0.0097376
0.289278	0.0107144
0.289659	0.0116885
0.290048	0.0126598
0.290445	0.0136284
0.290849	0.0145943
0.29126	0.0155575
0.291678	0.016518
0.292103	0.0174759
0.292534	0.0184312
0.292971	0.0193838
0.293414	0.0203339
0.293863	0.0212815
0.294317	0.0222265
0.294777	0.023169
0.295241	0.0241091
0.29571	0.0250467
0.296183	0.0259818
0.296661	0.0269145
0.297142	0.0278449
0.297627	0.0287728
0.298116	0.0296985
0.298608	0.0306218
0.299102	0.0315428
0.2996	0.0324615
0.300099	0.0333779
0.300601	0.0342922
0.301105	0.0352042
0.301324	0.0355412
0.301544	0.0358781
0.301763	0.0362151
0.301983	0.0365521
0.302202	0.036889
0.302421	0.037226
0.302641	0.037563
0.30286	0.0379
0.30308	0.0382369
0.303299	0.0385739
0.303518	0.0389109
0.303738	0.0392478
0.303957	0.0395848
0.304177	0.0399218
0.304396	0.0402587
0.304616	0.0405957
0.304835	0.0409327
0.305054	0.0412696
0.305274	0.0416066
0.305493	0.0419436
0.305713	0.0422806
0.305932	0.0426175
0.306151	0.0429545
0.306371	0.0432915
0.30659	0.0436284
0.30681	0.0439654
0.307029	0.0443024
0.307248	0.0446393
0.307468	0.0449763
0.307687	0.0453133
0.307907	0.0456503
0.308126	0.0459872
0.308345	0.0463242
0.308565	0.0466612
0.308784	0.0469981
0.309004	0.0473351
0.309223	0.0476721
0.309443	0.048009
0.309662	0.048346
0.309881	0.048683
0.310101	0.0490199
0.31032	0.0493569
0.31054	0.0496939
0.310759	0.0500309
0.310978	0.0503678
0.311198	0.0507048
0.311417	0.0510418
0.311637	0.0513787
0.311856	0.0517157
0.312562	0.0531291
0.313248	0.0545254
0.313916	0.0559051
0.314563	0.0572684
0.315192	0.0586158
0.315802	0.0599475
0.316393	0.061264
0.316966	0.0625656
0.31752	0.0638525
0.318056	0.0651253
0.318573	0.0663841
0.319073	0.0676294
0.319554	0.0688616
0.320018	0.0700809
0.320464	0.0712877
0.320893	0.0724824
0.321305	0.0736652
0.321699	0.0748367
0.322076	0.075997
0.322437	0.0771466
0.32278	0.0782858
0.323108	0.0794149
0.323418	0.0805344
0.323713	0.0816445
0.323991	0.0827456
0.324253	0.083838
0.3245	0.0849221
0.324731	0.0859983
0.324946	0.0870668
0.325146	0.0881281
0.32533	0.0891825
0.3255	0.0902303
0.325654	0.0912719
0.325794	0.0923076
0.325919	0.0933378
0.32603	0.0943628
0.326126	0.095383
0.326208	0.0963988
0.326276	0.0974104
0.32633	0.0984182
0.32637	0.0994226
0.326396	0.100424
0.326409	0.101422
0.326409	0.102419
0.326395	0.103413
0.326369	0.104405
0.326329	0.105396
0.326277	0.106387
0.326212	0.107376
0.326194	0.107736
0.326176	0.108097
0.326158	0.108457
0.32614	0.108818
0.326121	0.109178
0.326103	0.109539
0.326085	0.109899
0.326067	0.110259
0.326049	0.11062
0.326031	0.11098
0.326013	0.111341
0.325995	0.111701
0.325976	0.112062
0.325958	0.112422
0.32594	0.112782
0.325922	0.113143
0.325904	0.113503
0.325886	0.113864
0.325868	0.114224
0.32585	0.114585
0.325831	0.114945
0.325813	0.115305
0.325795	0.115666
0.325777	0.116026
0.325759	0.116387
0.325741	0.116747
0.325723	0.117108
0.325705	0.117468
0.325686	0.117828
0.325668	0.118189
0.32565	0.118549
0.325632	0.11891
0.325614	0.11927
0.325596	0.119631
0.325578	0.119991
0.32556	0.120351
0.325541	0.120712
0.325523	0.121072
0.325505	0.121433
0.325487	0.121793
0.325469	0.122154
0.325451	0.122514
0.325433	0.122874
0.325415	0.123235
0.325396	0.123595
0.325378	0.123956
0.32536	0.124316
0.325342	0.124677
0.325324	0.125037
0.324988	0.126612
0.324651	0.128164
0.32431	0.129694
0.323968	0.131201
0.323623	0.132687
0.323276	0.134151
0.322927	0.135595
0.322575	0.137019
0.322221	0.138423
0.321865	0.139807
0.321507	0.141172
0.321146	0.142519
0.320783	0.143848
0.320418	0.14516
0.320051	0.146454
0.319682	0.147732
0.31931	0.148993
0.318936	0.150239
0.318561	0.15147
0.318183	0.152686
0.317803	0.153887
0.31742	0.155074
0.317036	0.156248
0.31665	0.157409
0.316261	0.158558
0.315871	0.159694
0.315478	0.160819
0.315083	0.161933
0.314687	0.163036
0.314288	0.164128
0.313887	0.165211
0.313484	0.166285
0.31308	0.167349
0.312673	0.168406
0.312264	0.169454
0.311854	0.170494
0.311441	0.171528
0.311027	0.172555
0.31061	0.173576
0.310192	0.174591
0.309772	0.175601
0.30935	0.176606
0.308926	0.177607
0.3085	0.178604
0.308072	0.179597
0.307643	0.180588
0.307211	0.181576
0.306778	0.182562
0.306343	0.183546
0.305786	0.184773
0.305228	0.186
0.30467	0.187228
0.30411	0.188456
0.303548	0.189685
0.302985	0.190913
0.30242	0.192141
0.301852	0.193369
0.301281	0.194596
0.300708	0.195823
0.300131	0.197048
0.299552	0.198271
0.298968	0.199494
0.29838	0.200714
0.297789	0.201933
0.297192	0.203149
0.296591	0.204363
0.295985	0.205574
0.295374	0.206783
0.294757	0.207988
0.294134	0.20919
0.293505	0.210389
0.29287	0.211584
0.292228	0.212775
0.291579	0.213961
0.290923	0.215144
0.290259	0.216322
0.289588	0.217495
0.288909	0.218663
0.288222	0.219826
0.287526	0.220984
0.286821	0.222135
0.286108	0.223281
0.285385	0.224421
0.284652	0.225555
0.28391	0.226682
0.283157	0.227803
0.282395	0.228916
0.281621	0.230022
0.280837	0.231121
0.280041	0.232213
0.279234	0.233296
0.278415	0.234372
0.277585	0.235439
0.276742	0.236498
0.275886	0.237548
0.275018	0.238589
0.274137	0.239621
0.273242	0.240644
0.272824	0.241101
0.272402	0.241556
0.271977	0.24201
0.271549	0.242462
0.271117	0.242913
0.270682	0.243361
0.270243	0.243807
0.269801	0.24425
0.269355	0.24469
0.268906	0.245128
0.268454	0.245563
0.267997	0.245994
0.267538	0.246422
0.267074	0.246846
0.266607	0.247267
0.266137	0.247683
0.265662	0.248095
0.265184	0.248503
0.264702	0.248906
0.264217	0.249304
0.263728	0.249697
0.263235	0.250086
0.262738	0.250468
0.262237	0.250846
0.261732	0.251217
0.261224	0.251583
0.260711	0.251942
0.260195	0.252295
0.259674	0.252642
0.25915	0.252981
0.258622	0.253314
0.258089	0.25364
0.257553	0.253959
0.257012	0.25427
0.256468	0.254574
0.255919	0.254869
0.255366	0.255157
0.254809	0.255436
0.254247	0.255707
0.253682	0.25597
0.253112	0.256224
0.252538	0.256468
0.251959	0.256704
0.251377	0.25693
0.250789	0.257146
0.250198	0.257353
0.249602	0.25755
0.249002	0.257737
0.248397	0.257913
0.247575	0.257963
0.246752	0.258009
0.24593	0.258052
0.245107	0.25809
0.244284	0.258125
0.243461	0.258157
0.242638	0.258185
0.241815	0.258209
0.240992	0.25823
0.240168	0.258247
0.239345	0.258261
0.238522	0.258271
0.237698	0.258279
0.236874	0.258283
0.236051	0.258283
0.235227	0.258281
0.234404	0.258276
0.23358	0.258267
0.232756	0.258256
0.231932	0.258242
0.231109	0.258224
0.230285	0.258204
0.229461	0.258181
0.228638	0.258155
0.227814	0.258127
0.226991	0.258096
0.226167	0.258062
0.225344	0.258026
0.224521	0.257987
0.223697	0.257946
0.222874	0.257903
0.222051	0.257857
0.221228	0.257809
0.220406	0.257758
0.219583	0.257705
0.218761	0.257651
0.217938	0.257594
0.217116	0.257535
0.216294	0.257473
0.215472	0.25741
0.214651	0.257345
0.213829	0.257279
0.213008	0.25721
0.212187	0.25714
0.211366	0.257068
0.210545	0.256994
0.209725	0.256918
0.208905	0.256841
0.208085	0.256763
0.207761	0.256709
0.207438	0.256654
0.207114	0.2566
0.20679	0.256545
0.206467	0.256491
0.206143	0.256437
0.205819	0.256382
0.205496	0.256328
0.205172	0.256274
0.204848	0.256219
0.204525	0.256165
0.204201	0.25611
0.203878	0.256056
0.203554	0.256002
0.20323	0.255947
0.202907	0.255893
0.202583	0.255838
0.202259	0.255784
0.201936	0.25573
0.201612	0.255675
0.201288	0.255621
0.200965	0.255566
0.200641	0.255512
0.200317	0.255458
0.199994	0.255403
0.19967	0.255349
0.199346	0.255295
0.199023	0.25524
0.198699	0.255186
0.198375	0.255131
0.198052	0.255077
0.197728	0.255023
0.197404	0.254968
0.197081	0.254914
0.196757	0.254859
0.196433	0.254805
0.19611	0.254751
0.195786	0.254696
0.195463	0.254642
0.195139	0.254587
0.194815	0.254533
0.194492	0.254479
0.194168	0.254424
0.193844	0.25437
0.193521	0.254316
0.193197	0.254261
0.192873	0.254207
0.19255	0.254152
0.192226	0.254098
0.189103	0.253569
0.185997	0.253075
0.182908	0.252615
0.179836	0.25219
0.17678	0.251798
0.17374	0.251439
0.170716	0.251112
0.167707	0.250817
0.164714	0.250553
0.161736	0.250321
0.158772	0.250118
0.155823	0.249945
0.152888	0.249801
0.149967	0.249685
0.14706	0.249598
0.144166	0.249537
0.141285	0.249504
0.138417	0.249497
0.135561	0.249515
0.132717	0.249559
0.129886	0.249627
0.127066	0.249719
0.124257	0.249835
0.12146	0.249974
0.118673	0.250135
0.115897	0.250318
0.113132	0.250522
0.110376	0.250747
0.10763	0.250992
0.104893	0.251257
0.102166	0.251541
0.0994472	0.251843
0.0967373	0.252163
0.0940356	0.252501
0.091342	0.252855
0.0886562	0.253226
0.0859779	0.253612
0.0833069	0.254013
0.0806427	0.25443
0.0779852	0.25486
0.0753341	0.255303
0.0726891	0.25576
0.07005	0.256229
0.0674163	0.256709
0.064788	0.257201
0.0621647	0.257704
0.059546	0.258217
0.0569318	0.258739
0.0543218	0.259271
0.052066	0.259662
0.0498093	0.26005
0.0475517	0.260435
0.0452932	0.260816
0.0430338	0.261194
0.0407736	0.261567
0.0385124	0.261937
0.0362504	0.262302
0.0339875	0.262663
0.0317238	0.26302
0.0294592	0.263371
0.0271938	0.263718
0.0249276	0.26406
0.0226605	0.264396
0.0203926	0.264727
0.0181239	0.265052
0.0158544	0.265371
0.0135841	0.265685
0.011313	0.265992
0.00904109	0.266293
0.00676841	0.266587
0.00449496	0.266874
0.00222074	0.267155
-5.42394e-05	0.267429
-0.00232997	0.267695
-0.00460645	0.267954
-0.00688368	0.268205
-0.00916163	0.268449
-0.0114403	0.268684
-0.0137197	0.268912
-0.0159998	0.269131
-0.0182807	0.269341
-0.0205622	0.269543
-0.0228444	0.269736
-0.0251273	0.26992
-0.0274109	0.270095
-0.0296952	0.27026
-0.0319801	0.270416
-0.0342657	0.270562
-0.0365519	0.270698
-0.0388388	0.270824
-0.0411264	0.270939
-0.0434145	0.271045
-0.0457033	0.271139
-0.0479928	0.271223
-0.0502828	0.271296
-0.0525734	0.271357
-0.0548647	0.271407
-0.0571565	0.271446
-0.060134	0.271433
-0.0631117	0.271424
-0.0660894	0.271417
-0.0690672	0.271414
-0.0720451	0.271412
-0.0750231	0.271413
-0.0780011	0.271416
-0.0809792	0.27142
-0.0839573	0.271426
-0.0869354	0.271433
-0.0899136	0.271441
-0.0928918	0.271449
-0.0958701	0.271458
-0.0988483	0.271467
-0.101827	0.271475
-0.104805	0.271484
-0.107783	0.271491
-0.110761	0.271498
-0.113739	0.271503
-0.116718	0.271507
-0.119696	0.271509
-0.122674	0.271509
-0.125652	0.271506
-0.12863	0.271502
-0.131608	0.271494
-0.134586	0.271483
-0.137564	0.271469
-0.140541	0.271452
-0.143519	0.27143
-0.146496	0.271405
-0.149474	0.271375
-0.152451	0.27134
-0.155428	0.2713
-0.158405	0.271256
-0.161382	0.271206
-0.164359	0.27115
-0.167336	0.271088
-0.170312	0.27102
-0.173289	0.270946
-0.176265	0.270864
-0.179241	0.270776
-0.182217	0.270681
-0.185192	0.270578
-0.188168	0.270467
-0.191143	0.270348
-0.194118	0.270221
-0.197093	0.270085
-0.200068	0.269941
-0.203042	0.269787
-0.204891	0.269756
-0.20674	0.269722
-0.208589	0.269683
-0.210438	0.269641
-0.212287	0.269595
-0.214136	0.269545
-0.215985	0.269491
-0.217834	0.269433
-0.219682	0.269372
-0.221531	0.269306
-0.223379	0.269237
-0.225228	0.269164
-0.227076	0.269087
-0.228924	0.269006
-0.230772	0.268921
-0.23262	0.268832
-0.234467	0.26874
-0.236314	0.268644
-0.238162	0.268543
-0.240009	0.268439
-0.241855	0.268331
-0.243702	0.268219
-0.245548	0.268103
-0.247394	0.267984
-0.249239	0.26786
-0.251085	0.267733
-0.25293	0.267601
-0.254775	0.267466
-0.256619	0.267327
-0.258463	0.267184
-0.260307	0.267037
-0.26215	0.266886
-0.263994	0.266732
-0.265836	0.266573
-0.267679	0.266411
-0.26952	0.266244
-0.271362	0.266074
-0.273203	0.2659
-0.275044	0.265722
-0.276884	0.26554
-0.278724	0.265354
-0.280563	0.265164
-0.282402	0.26497
-0.28424	0.264773
-0.286078	0.264571
-0.287915	0.264366
-0.289752	0.264156
-0.291588	0.263943
-0.293424	0.263726
-0.294391	0.263578
-0.295358	0.263425
-0.296323	0.263267
-0.297288	0.263105
-0.298252	0.262938
-0.299215	0.262766
-0.300177	0.26259
-0.301138	0.262409
-0.302099	0.262223
-0.303058	0.262033
-0.304017	0.261839
-0.304974	0.26164
-0.305931	0.261436
-0.306887	0.261229
-0.307842	0.261017
-0.308796	0.260801
-0.309749	0.260581
-0.310701	0.260357
-0.311652	0.260129
-0.312603	0.259896
-0.313552	0.25966
-0.3145	0.25942
-0.315448	0.259176
-0.316394	0.258928
-0.31734	0.258676
-0.318284	0.258421
-0.319228	0.258162
-0.320171	0.257899
-0.321112	0.257632
-0.322053	0.257362
-0.322993	0.257089
-0.323931	0.256812
-0.324869	0.256531
-0.325806	0.256248
-0.326741	0.255961
-0.327676	0.25567
-0.32861	0.255377
-0.329542	0.25508
-0.330474	0.25478
-0.331404	0.254477
-0.332334	0.254171
-0.333262	0.253861
-0.33419	0.253549
-0.335116	0.253234
-0.336041	0.252916
-0.336966	0.252596
-0.337889	0.252272
-0.338811	0.251946
-0.339732	0.251617
-0.340745	0.251272
-0.341758	0.250925
-0.342771	0.250573
-0.343783	0.250219
-0.344796	0.24986
-0.345808	0.249498
-0.346819	0.249131
-0.347829	0.24876
-0.348838	0.248385
-0.349846	0.248004
-0.350853	0.247619
-0.351857	0.247229
-0.35286	0.246833
-0.353861	0.246432
-0.354859	0.246025
-0.355855	0.245612
-0.356848	0.245192
-0.357839	0.244767
-0.358826	0.244335
-0.35981	0.243896
-0.360791	0.24345
-0.361768	0.242997
-0.362742	0.242537
-0.363711	0.24207
-0.364676	0.241594
-0.365637	0.241111
-0.366593	0.240619
-0.367544	0.240119
-0.368491	0.239611
-0.369432	0.239094
-0.370368	0.238568
-0.371298	0.238032
-0.372223	0.237488
-0.373141	0.236934
-0.374054	0.23637
-0.37496	0.235797
-0.37586	0.235213
-0.376753	0.234619
-0.377639	0.234014
-0.378518	0.233399
-0.37939	0.232772
-0.380254	0.232135
-0.381111	0.231486
-0.38196	0.230826
-0.3828	0.230154
-0.383633	0.229471
-0.384457	0.228775
-0.385272	0.228067
-0.386079	0.227346
-0.386736	0.226751
-0.387394	0.226157
-0.388053	0.225565
-0.388713	0.224973
-0.389375	0.224383
-0.390038	0.223794
-0.390701	0.223205
-0.391365	0.222617
-0.39203	0.22203
-0.392696	0.221443
-0.393362	0.220857
-0.394028	0.220271
-0.394694	0.219685
-0.39536	0.219098
-0.396027	0.218512
-0.396693	0.217926
-0.397358	0.217339
-0.398024	0.216752
-0.398689	0.216164
-0.399353	0.215575
-0.400016	0.214986
-0.400679	0.214395
-0.40134	0.213804
-0.402001	0.213211
-0.40266	0.212618
-0.403318	0.212022
-0.403974	0.211426
-0.404629	0.210827
-0.405282	0.210227
-0.405934	0.209625
-0.406583	0.209021
-0.40723	0.208415
-0.407876	0.207807
-0.408518	0.207196
-0.409159	0.206583
-0.409797	0.205968
-0.410432	0.205349
-0.411065	0.204728
-0.411695	0.204104
-0.412321	0.203478
-0.412945	0.202847
-0.413566	0.202214
-0.414183	0.201577
-0.414796	0.200937
-0.415406	0.200293
-0.416013	0.199646
-0.416616	0.198995
-0.417214	0.198339
-0.417809	0.19768
-0.418054	0.197445
-0.418299	0.19721
-0.418544	0.196975
-0.418789	0.196741
-0.419034	0.196506
-0.419279	0.196271
-0.419524	0.196036
-0.419769	0.195801
-0.420014	0.195566
-0.420259	0.195331
-0.420504	0.195097
-0.420749	0.194862
-0.420994	0.194627
-0.421239	0.194392
-0.421484	0.194157
-0.421729	0.193922
-0.421974	0.193687
-0.422219	0.193453
-0.422464	0.193218
-0.422709	0.192983
-0.422954	0.192748
-0.423199	0.192513
-0.423444	0.192278
-0.423689	0.192043
-0.423933	0.191809
-0.424178	0.191574
-0.424423	0.191339
-0.424668	0.191104
-0.424913	0.190869
-0.425158	0.190634
-0.425403	0.190399
-0.425648	0.190165
-0.425893	0.18993
-0.426138	0.189695
-0.426383	0.18946
-0.426628	0.189225
-0.426873	0.18899
-0.427118	0.188755
-0.427363	0.188521
-0.427608	0.188286
-0.427853	0.188051
-0.428098	0.187816
-0.428343	0.187581
-0.428588	0.187346
-0.428833	0.187111
-0.429078	0.186877
-0.429323	0.186642
-0.429568	0.186407
-0.429813	0.186172
-0.431689	0.184013
-0.433534	0.181857
-0.435349	0.179704
-0.437135	0.177554
-0.438892	0.175406
-0.440622	0.173262
-0.442325	0.171121
-0.444003	0.168983
-0.445654	0.166847
-0.447282	0.164716
-0.448885	0.162587
-0.450466	0.160462
-0.452024	0.15834
-0.453562	0.156221
-0.455078	0.154106
-0.456575	0.151994
-0.458053	0.149886
-0.459512	0.147781
-0.460955	0.145681
-0.46238	0.143583
-0.46379	0.14149
-0.465184	0.1394
-0.466565	0.137314
-0.467931	0.135232
-0.469285	0.133154
-0.470628	0.13108
-0.471959	0.12901
-0.473279	0.126945
-0.47459	0.124883
-0.475892	0.122825
-0.477186	0.120772
-0.478473	0.118723
-0.479753	0.116678
-0.481028	0.114638
-0.482298	0.112602
-0.483564	0.110571
-0.484826	0.108544
-0.486086	0.106522
-0.487344	0.104504
-0.488601	0.102491
-0.489858	0.100483
-0.491115	0.0984799
-0.492374	0.0964814
-0.493635	0.0944878
-0.494899	0.0924992
-0.496167	0.0905155
-0.497439	0.0885369
-0.498716	0.0865634
-0.5	0.084595
-0.5	0.0840264
-0.5	0.0834577
-0.5	0.0828891
-0.5	0.0823205
-0.5	0.0817518
-0.5	0.0811832
-0.5	0.0806146
-0.5	0.0800459
-0.5	0.0794773
-0.5	0.0789087
-0.5	0.07834
-0.5	0.0777714
-0.5	0.0772027
-0.5	0.0766341
-0.5	0.0760655
-0.5	0.0754968
-0.5	0.0749282
-0.5	0.0743596
-0.5	0.0737909
-0.5	0.0732223
-0.5	0.0726537
-0.5	0.072085
-0.5	0.0715164
-0.5	0.0709478
-0.5	0.0703791
-0.5	0.0698105
-0.5	0.0692419
-0.5	0.0686732
-0.5	0.0681046
-0.5	0.067536
-0.5	0.0669673
-0.5	0.0663987
-0.5	0.0658301
-0.5	0.0652614
-0.5	0.0646928
-0.5	0.0641242
-0.5	0.0635555
-0.5	0.0629869
-0.5	0.0624182
-0.5	0.0618496
-0.5	0.061281
-0.5	0.0607123
-0.5	0.0601437
-0.5	0.0595751
-0.5	0.0590064
-0.5	0.0584378
-0.5	0.0578692
-0.5	0.0573005
-0.5	0.0567319
-0.499184	0.0568919
-0.498369	0.0570535
-0.497554	0.0572168
-0.496739	0.0573817
-0.495925	0.0575483
-0.495111	0.0577167
-0.494297	0.0578867
-0.493484	0.0580585
-0.492671	0.058232
-0.491858	0.0584073
-0.491046	0.0585843
-0.490234	0.0587631
-0.489423	0.0589437
-0.488612	0.0591261
-0.487801	0.0593103
-0.486991	0.0594964
-0.486181	0.0596843
-0.485372	0.059874
-0.484563	0.0600657
-0.483754	0.0602592
-0.482946	0.0604546
-0.482138	0.0606519
-0.481331	0.0608512
-0.480525	0.0610523
-0.479718	0.0612555
-0.478913	0.0614606
-0.478108	0.0616677
-0.477303	0.0618768
-0.476499	0.0620878
-0.475695	0.0623009
-0.474892	0.0625161
-0.47409	0.0627332
-0.473288	0.0629525
-0.472486	0.0631738
-0.471685	0.0633972
-0.470885	0.0636227
-0.470085	0.0638503
-0.469286	0.06408
-0.468488	0.0643118
-0.46769	0.0645459
-0.466892	0.064782
-0.466096	0.0650204
-0.4653	0.0652609
-0.464504	0.0655037
-0.463709	0.0657487
-0.462915	0.0659959
-0.462122	0.0662453
-0.461329	0.066497
-0.460537	0.066751
-0.459743	0.0669798
-0.45895	0.0672148
-0.458159	0.0674556
-0.45737	0.0677019
-0.456581	0.0679532
-0.455794	0.068209
-0.455008	0.0684691
-0.454223	0.068733
-0.453439	0.0690004
-0.452655	0.0692707
-0.451873	0.0695436
-0.45109	0.0698187
-0.450309	0.0700956
-0.449527	0.0703739
-0.448746	0.0706532
-0.447965	0.0709331
-0.447185	0.0712132
-0.446404	0.0714931
-0.445623	0.0717723
-0.444841	0.0720506
-0.44406	0.0723274
-0.443278	0.0726024
-0.442495	0.0728751
-0.441712	0.0731453
-0.440928	0.0734124
-0.440143	0.073676
-0.439357	0.0739359
-0.43857	0.0741915
-0.437782	0.0744424
-0.436993	0.0746883
-0.436203	0.0749288
-0.435411	0.0751634
-0.434617	0.0753918
-0.433822	0.0756135
-0.433024	0.0758282
-0.432226	0.0760354
-0.431425	0.0762348
-0.430622	0.0764258
-0.429817	0.0766083
-0.429009	0.0767816
-0.428199	0.0769455
-0.427387	0.0770995
-0.426572	0.0772433
-0.425755	0.0773764
-0.424934	0.0774983
-0.424111	0.0776089
-0.423285	0.0777075
-0.422455	0.0777938
-0.421623	0.0778675
-0.420802	0.0779539
-0.419979	0.0780274
-0.419154	0.0780882
-0.418329	0.0781361
-0.417502	0.0781712
-0.416676	0.0781935
-0.415848	0.0782029
-0.415021	0.0781994
-0.414193	0.0781831
-0.413366	0.0781539
-0.412539	0.0781118
-0.411714	0.0780568
-0.410889	0.0779888
-0.410065	0.077908
-0.409243	0.0778143
-0.408422	0.0777076
-0.407604	0.0775879
-0.406787	0.0774553
-0.405973	0.0773098
-0.405162	0.0771513
-0.404353	0.0769798
-0.403548	0.0767952
-0.402745	0.0765977
-0.401947	0.0763872
-0.401152	0.0761637
-0.400361	0.0759271
-0.399574	0.0756775
-0.398792	0.0754149
-0.398014	0.0751392
-0.397242	0.0748504
-0.396474	0.0745485
-0.395712	0.0742336
-0.394956	0.0739056
-0.394205	0.0735644
-0.39346	0.0732102
-0.392722	0.0728428
-0.391991	0.0724623
-0.391266	0.0720687
-0.390548	0.0716619
-0.389837	0.0712419
-0.389134	0.0708088
-0.388439	0.0703625
-0.387751	0.069903
-0.387072	0.0694303
-0.386401	0.0689444
-0.385739	0.0684453
-0.385085	0.067933
-0.384441	0.0674074
-0.383806	0.0668686
-0.38353	0.0665935
-0.383255	0.0663184
-0.382979	0.0660433
-0.382703	0.0657681
-0.382428	0.065493
-0.382152	0.0652179
-0.381876	0.0649428
-0.381601	0.0646677
-0.381325	0.0643926
-0.381049	0.0641174
-0.380774	0.0638423
-0.380498	0.0635672
-0.380223	0.0632921
-0.379947	0.063017
-0.379671	0.0627419
-0.379396	0.0624667
-0.37912	0.0621916
-0.378844	0.0619165
-0.378569	0.0616414
-0.378293	0.0613663
-0.378017	0.0610912
-0.377742	0.060816
-0.377466	0.0605409
-0.37719	0.0602658
-0.376915	0.0599907
-0.376639	0.0597156
-0.376363	0.0594405
-0.376088	0.0591653
-0.375812	0.0588902
-0.375536	0.0586151
-0.375261	0.05834
-0.374985	0.0580649
-0.374709	0.0577898
-0.374434	0.0575146
-0.374158	0.0572395
-0.373882	0.0569644
-0.373607	0.0566893
-0.373331	0.0564142
-0.373056	0.0561391
-0.37278	0.0558639
-0.372504	0.0555888
-0.372229	0.0553137
-0.371953	0.0550386
-0.371677	0.0547635
-0.371402	0.0544884
-0.371126	0.0542132
-0.37085	0.0539381
-0.370575	0.053663
-0.370299	0.0533879
-0.366769	0.0500539
-0.363235	0.046757
-0.359697	0.0434974
-0.356154	0.0402748
-0.352607	0.0370894
-0.349054	0.0339411
-0.345496	0.0308299
-0.341933	0.0277557
-0.338363	0.0247186
-0.334788	0.0217184
-0.331207	0.0187553
-0.327619	0.015829
-0.324024	0.0129398
-0.320423	0.0100874
-0.316814	0.00727193
-0.313198	0.00449332
-0.309574	0.00175155
-0.305943	-0.000953409
-0.302303	-0.00362157
-0.298655	-0.00625296
-0.294998	-0.0088476
-0.291333	-0.0114055
-0.287659	-0.0139267
-0.283975	-0.0164113
-0.280282	-0.0188592
-0.276579	-0.0212704
-0.272866	-0.0236451
-0.269143	-0.0259831
-0.26541	-0.0282846
-0.261666	-0.0305496
-0.257911	-0.032778
-0.254145	-0.03497
-0.250367	-0.0371255
-0.246578	-0.0392446
-0.242777	-0.0413272
-0.238964	-0.0433734
-0.235139	-0.0453833
-0.231301	-0.0473568
-0.22745	-0.049294
-0.223586	-0.0511948
-0.21971	-0.0530594
-0.215819	-0.0548878
-0.211915	-0.0566799
-0.207997	-0.0584358
-0.204065	-0.0601555
-0.200118	-0.061839
-0.196157	-0.0634864
-0.192181	-0.0650977
-0.18819	-0.0666729
-0.186462	-0.0672784
-0.18473	-0.0678727
-0.182994	-0.0684558
-0.181255	-0.0690277
-0.179511	-0.0695883
-0.177764	-0.0701376
-0.176014	-0.0706755
-0.17426	-0.071202
-0.172502	-0.071717
-0.170741	-0.0722205
-0.168977	-0.0727125
-0.16721	-0.0731928
-0.165439	-0.0736615
-0.163666	-0.0741185
-0.161889	-0.0745637
-0.16011	-0.0749972
-0.158327	-0.0754188
-0.156542	-0.0758286
-0.154755	-0.0762264
-0.152965	-0.0766123
-0.151172	-0.0769861
-0.149377	-0.0773479
-0.147579	-0.0776975
-0.145779	-0.078035
-0.143977	-0.0783603
-0.142173	-0.0786734
-0.140367	-0.0789742
-0.138558	-0.0792626
-0.136748	-0.0795386
-0.134936	-0.0798022
-0.133123	-0.0800533
-0.131307	-0.0802919
-0.12949	-0.080518
-0.127672	-0.0807314
-0.125852	-0.0809321
-0.124031	-0.0811202
-0.122208	-0.0812955
-0.120384	-0.081458
-0.118559	-0.0816076
-0.116733	-0.0817444
-0.114906	-0.0818682
-0.113078	-0.081979
-0.11125	-0.0820768
-0.10942	-0.0821615
-0.10759	-0.0822331
-0.105759	-0.0822916
-0.103928	-0.0823368
-0.102096	-0.0823687
-0.100264	-0.0823874
-0.0982903	-0.0824047
-0.0963168	-0.0824071
-0.0943436	-0.0823947
-0.0923708	-0.0823676
-0.0903985	-0.0823258
-0.0884267	-0.0822695
-0.0864555	-0.0821987
-0.084485	-0.0821135
-0.0825153	-0.082014
-0.0805464	-0.0819003
-0.0785785	-0.0817724
-0.0766115	-0.0816305
-0.0746456	-0.0814746
-0.0726808	-0.0813048
-0.0707173	-0.0811213
-0.0687551	-0.080924
-0.0667942	-0.0807131
-0.0648347	-0.0804886
-0.0628768	-0.0802507
-0.0609205	-0.0799994
-0.0589658	-0.0797348
-0.0570129	-0.079457
-0.0550618	-0.0791661
-0.0531126	-0.0788622
-0.0511654	-0.0785453
-0.0492202	-0.0782155
-0.0472771	-0.0778729
-0.0453363	-0.0775177
-0.0433977	-0.0771498
-0.0414614	-0.0767694
-0.0395276	-0.0763766
-0.0375963	-0.0759714
-0.0356675	-0.0755539
-0.0337414	-0.0751242
-0.031818	-0.0746824
-0.0298974	-0.0742286
-0.0279797	-0.0737629
-0.0260649	-0.0732853
-0.0241532	-0.072796
-0.0222445	-0.0722949
-0.0203391	-0.0717823
-0.0184368	-0.0712581
-0.0165379	-0.0707226
-0.0146425	-0.0701756
-0.0127504	-0.0696175
-0.010862	-0.0690481
-0.00897712	-0.0684676
-0.00709598	-0.0678762
-0.00521861	-0.0672738
-0.00422181	-0.0669393
-0.00322452	-0.0666044
-0.00222686	-0.0662688
-0.00122895	-0.0659323
-0.000230923	-0.0655947
0.000767098	-0.0652558
0.00176499	-0.0649155
0.00276262	-0.0645734
0.00375987	-0.0642295
0.00475661	-0.0638834
0.00575273	-0.063535
0.00674808	-0.063184
0.00774255	-0.0628304
0.00873602	-0.0624738
0.00972835	-0.0621141
0.0107194	-0.061751
0.0117091	-0.0613843
0.0126973	-0.0610139
0.0136838	-0.0606396
0.0146686	-0.060261
0.0156515	-0.0598781
0.0166324	-0.0594906
0.0176112	-0.0590983
0.0185877	-0.058701
0.0195618	-0.0582986
0.0205334	-0.0578907
0.0215023	-0.0574772
0.0224685	-0.0570578
0.0234319	-0.0566325
0.0243922	-0.0562009
0.0253493	-0.0557629
0.0263032	-0.0553182
0.0272537	-0.0548667
0.0282007	-0.0544081
0.0291441	-0.0539423
0.0300837	-0.053469
0.0310194	-0.052988
0.0319511	-0.0524992
0.0328787	-0.0520022
0.033802	-0.051497
0.0347209	-0.0509833
0.0356353	-0.0504609
0.036545	-0.0499296
0.03745	-0.0493891
0.0383501	-0.0488394
0.0392452	-0.0482801
0.0401351	-0.0477111
0.0410198	-0.0471321
0.0418991	-0.046543
0.0432802	-0.0456356
0.0446547	-0.0447193
0.0460228	-0.0437943
0.0473846	-0.0428608
0.0487402	-0.041919
0.0500897	-0.040969
0.0514332	-0.040011
0.0527709	-0.0390452
0.0541028	-0.0380718
0.0554291	-0.0370909
0.0567498	-0.0361027
0.0580652	-0.0351074
0.0593752	-0.0341052
0.0606801	-0.0330962
0.0619799	-0.0320807
0.0632748	-0.0310587
0.0645648	-0.0300305
0.0658501	-0.0289963
0.0671308	-0.0279562
0.068407	-0.0269104
0.0696789	-0.025859
0.0709464	-0.0248023
0.0722098	-0.0237405
0.0734692	-0.0226736
0.0747246	-0.0216019
0.0759763	-0.0205256
0.0772242	-0.0194448
0.0784685	-0.0183597
0.0797094	-0.0172705
0.080947	-0.0161774
0.0821812	-0.0150805
0.0834124	-0.01398
0.0846405	-0.012876
0.0858658	-0.0117689
0.0870882	-0.0106587
0.088308	-0.00954557
0.0895253	-0.00842975
0.09074	-0.0073114
0.0919525	-0.00619069
0.0931627	-0.0050678
0.0943709	-0.0039429
0.095577	-0.00281617
0.0967813	-0.00168779
0.0979838	-0.000557922
0.0991847	0.000573247
0.100384	0.00170554
0.101582	0.00283879
0.102779	0.00397282
0.103974	0.00510744
0.104863	0.00591961
0.105754	0.00673087
0.106647	0.00754096
0.107542	0.00834966
0.10844	0.00915673
0.10934	0.00996193
0.110243	0.010765
0.111148	0.0115658
0.112056	0.012364
0.112968	0.0131593
0.113882	0.0139516
0.114799	0.0147407
0.11572	0.0155262
0.116644	0.0163079
0.117571	0.0170857
0.118502	0.0178592
0.119436	0.0186282
0.120375	0.0193926
0.121317	0.020152
0.122263	0.0209062
0.123212	0.021655
0.124167	0.0223982
0.125125	0.0231354
0.126088	0.0238666
0.127055	0.0245913
0.128026	0.0253095
0.129003	0.0260209
0.129984	0.0267251
0.13097	0.0274221
0.13196	0.0281115
0.132956	0.0287932
0.133957	0.0294668
0.134964	0.0301322
0.135975	0.030789
0.136992	0.0314372
0.138015	0.0320764
0.139043	0.0327064
0.140078	0.0333269
0.141118	0.0339378
0.142163	0.0345388
0.143215	0.0351296
0.144274	0.0357101
0.145338	0.0362799
0.146409	0.0368389
0.147486	0.0373867
0.14857	0.0379233
0.14966	0.0384483
0.150758	0.0389615
0.151862	0.0394626
0.152242	0.039593
0.152622	0.0397233
0.153002	0.0398537
0.153383	0.039984
0.153763	0.0401144
0.154143	0.0402448
0.154523	0.0403751
0.154903	0.0405055
0.155283	0.0406359
0.155664	0.0407662
0.156044	0.0408966
0.156424	0.0410269
0.156804	0.0411573
0.157184	0.0412877
0.157564	0.041418
0.157945	0.0415484
0.158325	0.0416787
0.158705	0.0418091
0.159085	0.0419395
0.159465	0.0420698
0.159845	0.0422002
0.160226	0.0423305
0.160606	0.0424609
0.160986	0.0425913
0.161366	0.0427216
0.161746	0.042852
0.162126	0.0429824
0.162507	0.0431127
0.162887	0.0432431
0.163267	0.0433734
0.163647	0.0435038
0.164027	0.0436342
0.164407	0.0437645
0.164788	0.0438949
0.165168	0.0440252
0.165548	0.0441556
0.165928	0.044286
0.166308	0.0444163
0.166688	0.0445467
0.167069	0.044677
0.167449	0.0448074
0.167829	0.0449378
0.168209	0.0450681
0.168589	0.0451985
0.168969	0.0453289
0.16935	0.0454592
0.16973	0.0455896
0.17011	0.0457199
0.17049	0.0458503
0.170733	0.0457114
0.170976	0.0455725
0.171219	0.0454336
0.171461	0.0452947
0.171704	0.0451559
0.171947	0.045017
0.17219	0.0448781
0.172433	0.0447392
0.172676	0.0446003
0.172919	0.0444614
0.173161	0.0443225
0.173404	0.0441836
0.173647	0.0440447
0.17389	0.0439058
0.174133	0.043767
0.174376	0.0436281
0.174619	0.0434892
0.174861	0.0433503
0.175104	0.0432114
0.175347	0.0430725
0.17559	0.0429336
0.175833	0.0427947
0.176076	0.0426558
0.176319	0.0425169
0.176561	0.0423781
0.176804	0.0422392
0.177047	0.0421003
0.17729	0.0419614
0.177533	0.0418225
0.177776	0.0416836
0.178019	0.0415447
0.178261	0.0414058
0.178504	0.0412669
0.178747	0.041128
0.17899	0.0409892
0.179233	0.0408503
0.179476	0.0407114
0.179719	0.0405725
0.179961	0.0404336
0.180204	0.0402947
0.180447	0.0401558
0.18069	0.0400169
0.180933	0.039878
0.181176	0.0397391
0.181419	0.0396003
0.181661	0.0394614
0.181904	0.0393225
0.182147	0.0391836
0.18239	0.0390447
0.182551	0.0366477
0.18269	0.0342713
0.182807	0.0319151
0.182901	0.0295789
0.182975	0.0272625
0.183026	0.0249656
0.183055	0.0226879
0.183063	0.0204293
0.183049	0.0181894
0.183013	0.015968
0.182956	0.0137648
0.182878	0.0115796
0.182778	0.00941223
0.182657	0.00726232
0.182514	0.00512965
0.18235	0.00301397
0.182165	0.000915042
0.181958	-0.0011674
0.181731	-0.0032336
0.181482	-0.00528381
0.181213	-0.00731828
0.180923	-0.00933727
0.180611	-0.011341
0.180279	-0.0133298
0.179926	-0.0153038
0.179553	-0.0172634
0.179158	-0.0192087
0.178743	-0.02114
0.178308	-0.0230576
0.177852	-0.0249618
0.177376	-0.0268527
0.176879	-0.0287306
0.176362	-0.0305958
0.175825	-0.0324486
0.175267	-0.0342891
0.174689	-0.0361176
0.174091	-0.0379344
0.173474	-0.0397398
0.172836	-0.0415339
0.172178	-0.0433171
0.1715	-0.0450895
0.170803	-0.0468515
0.170085	-0.0486033
0.169348	-0.0503451
0.168591	-0.0520772
0.167815	-0.0537999
0.167019	-0.0555133
0.166204	-0.0572178
0.165369	-0.0589136
0.165069	-0.0595386
0.164764	-0.0601611
0.164455	-0.0607812
0.164141	-0.0613992
0.163823	-0.0620151
0.163501	-0.0626291
0.163176	-0.0632413
0.162847	-0.0638518
0.162515	-0.0644607
0.16218	-0.0650682
0.161843	-0.0656744
0.161504	-0.0662794
0.161162	-0.0668834
0.160819	-0.0674864
0.160474	-0.0680887
0.160128	-0.0686903
0.159781	-0.0692914
0.159433	-0.0698921
0.159084	-0.0704925
0.158736	-0.0710927
0.158387	-0.071693
0.158039	-0.0722933
0.157691	-0.0728939
0.157344	-0.0734948
0.156998	-0.0740962
0.156653	-0.0746983
0.15631	-0.0753011
0.155968	-0.0759048
0.155629	-0.0765094
0.155292	-0.0771152
0.154957	-0.0777223
0.154625	-0.0783307
0.154297	-0.0789407
0.153972	-0.0795523
0.15365	-0.0801657
0.153332	-0.0807809
0.153018	-0.0813982
0.152709	-0.0820177
0.152404	-0.0826394
0.152104	-0.0832636
0.15181	-0.0838902
0.15152	-0.0845196
0.151237	-0.0851517
0.150959	-0.0857868
0.150688	-0.0864249
0.150422	-0.0870662
0.150164	-0.0877108
0.149912	-0.0883588
0.149668	-0.0890104
0.149044	-0.090625
0.14845	-0.092247
0.147884	-0.0938762
0.147347	-0.0955123
0.146838	-0.097155
0.146356	-0.0988041
0.145902	-0.100459
0.145475	-0.10212
0.145074	-0.103787
0.1447	-0.105459
0.144352	-0.107135
0.144029	-0.108817
0.143732	-0.110503
0.14346	-0.112193
0.143212	-0.113887
0.142989	-0.115584
0.14279	-0.117285
0.142614	-0.118989
0.142461	-0.120696
0.142331	-0.122405
0.142224	-0.124117
0.142139	-0.12583
0.142076	-0.127545
0.142034	-0.129262
0.142013	-0.13098
0.142013	-0.132698
0.142034	-0.134417
0.142075	-0.136137
0.142135	-0.137856
0.142215	-0.139575
0.142314	-0.141294
0.142432	-0.143012
0.142568	-0.144729
0.142722	-0.146444
0.142894	-0.148158
0.143083	-0.14987
0.14329	-0.15158
0.143512	-0.153288
0.143752	-0.154992
0.144007	-0.156694
0.144278	-0.158392
0.144564	-0.160087
0.144864	-0.161778
0.14518	-0.163465
0.14551	-0.165148
0.145853	-0.166826
0.14621	-0.168499
0.146581	-0.170167
0.146964	-0.171829
0.147273	-0.1732
0.147592	-0.174569
0.147922	-0.175936
0.148262	-0.1773
0.148612	-0.178662
0.148973	-0.180021
0.149344	-0.181377
0.149725	-0.18273
0.150116	-0.184081
0.150518	-0.185428
0.15093	-0.186772
0.151353	-0.188113
0.151786	-0.189451
0.152229	-0.190785
0.152682	-0.192116
0.153146	-0.193443
0.153619	-0.194766
0.154104	-0.196086
0.154598	-0.197402
0.155103	-0.198713
0.155618	-0.200021
0.156143	-0.201325
0.156679	-0.202624
0.157225	-0.203919
0.157781	-0.205209
0.158348	-0.206495
0.158925	-0.207776
0.159512	-0.209053
0.160109	-0.210324
0.160717	-0.211591
0.161335	-0.212853
0.161963	-0.214109
0.162601	-0.21536
0.16325	-0.216607
0.163909	-0.217847
0.164578	-0.219082
0.165258	-0.220312
0.165948	-0.221536
0.166648	-0.222754
0.167358	-0.223966
0.168079	-0.225172
0.16881	-0.226372
0.169551	-0.227566
0.170302	-0.228754
0.171064	-0.229936
0.171836	-0.231111
0.172618	-0.232279
0.17341	-0.233441
0.174213	-0.234596
0.174899	-0.235564
0.175594	-0.236526
0.1763	-0.237481
0.177015	-0.23843
0.17774	-0.239373
0.178475	-0.240308
0.17922	-0.241236
0.179974	-0.242157
0.180738	-0.24307
0.181512	-0.243976
0.182295	-0.244873
0.183088	-0.245763
0.183891	-0.246643
0.184702	-0.247516
0.185523	-0.248379
0.186354	-0.249233
0.187193	-0.250078
0.188042	-0.250914
0.1889	-0.25174
0.189768	-0.252556
0.190644	-0.253361
0.191529	-0.254157
0.192424	-0.254942
0.193327	-0.255716
0.19424	-0.256479
0.195161	-0.257231
0.196091	-0.257972
0.19703	-0.258701
0.197977	-0.259418
0.198933	-0.260123
0.199898	-0.260816
0.200872	-0.261496
0.201854	-0.262164
0.202844	-0.262819
0.203843	-0.26346
0.204851	-0.264089
0.205866	-0.264704
0.20689	-0.265305
0.207923	-0.265892
0.208963	-0.266465
0.210012	-0.267024
0.211069	-0.267568
0.212134	-0.268097
0.213207	-0.268611
0.214288	-0.26911
0.215377	-0.269594
0.216474	-0.270062
0.217578	-0.270514
0.218691	-0.27095
0.220094	-0.271482
0.221504	-0.271989
0.222921	-0.272472
0.224344	-0.272929
0.225773	-0.273363
0.227208	-0.273772
0.228648	-0.274158
0.230094	-0.27452
0.231544	-0.274858
0.233	-0.275173
0.234459	-0.275465
0.235923	-0.275734
0.237391	-0.27598
0.238862	-0.276204
0.240336	-0.276406
0.241814	-0.276585
0.243294	-0.276743
0.244776	-0.276879
0.246261	-0.276993
0.247748	-0.277086
0.249236	-0.277158
0.250726	-0.277209
0.252217	-0.27724
0.253708	-0.27725
0.2552	-0.27724
0.256692	-0.27721
0.258184	-0.27716
0.259676	-0.27709
0.261167	-0.277001
0.262658	-0.276892
0.264147	-0.276765
0.265634	-0.276618
0.26712	-0.276453
0.268604	-0.27627
0.270086	-0.276069
0.271565	-0.275849
0.273041	-0.275611
0.274514	-0.275356
0.275984	-0.275084
0.27745	-0.274794
0.278912	-0.274488
0.28037	-0.274164
0.281823	-0.273824
0.283272	-0.273467
0.284715	-0.273095
0.286153	-0.272706
0.287586	-0.272302
0.289013	-0.271881
0.290433	-0.271446
0.291701	-0.271052
0.292965	-0.270644
0.294223	-0.270221
0.295477	-0.269784
0.296725	-0.269332
0.297967	-0.268866
0.299204	-0.268385
0.300435	-0.267891
0.301661	-0.267383
0.30288	-0.26686
0.304094	-0.266324
0.305301	-0.265775
0.306502	-0.265212
0.307697	-0.264635
0.308885	-0.264045
0.310066	-0.263441
0.311241	-0.262825
0.312408	-0.262195
0.313569	-0.261553
0.314722	-0.260898
0.315868	-0.260229
0.317006	-0.259549
0.318137	-0.258855
0.319261	-0.258149
0.320376	-0.257431
0.321484	-0.256701
0.322583	-0.255958
0.323674	-0.255204
0.324757	-0.254437
0.325832	-0.253659
0.326898	-0.252868
0.327955	-0.252067
0.329003	-0.251253
0.330043	-0.250428
0.331073	-0.249592
0.332094	-0.248745
0.333106	-0.247886
0.334108	-0.247017
0.335101	-0.246136
0.336084	-0.245245
0.337057	-0.244342
0.338021	-0.24343
0.338974	-0.242506
0.339917	-0.241573
0.340849	-0.240629
0.341772	-0.239674
0.342683	-0.23871
0.343584	-0.237735
0.344474	-0.236751
0.345409	-0.23571
0.346332	-0.23466
0.347243	-0.233601
0.348144	-0.232533
0.349033	-0.231456
0.34991	-0.230372
0.350777	-0.229279
0.351632	-0.228177
0.352477	-0.227068
0.353311	-0.225951
0.354134	-0.224826
0.354947	-0.223694
0.355748	-0.222554
0.35654	-0.221407
0.357321	-0.220253
0.358092	-0.219093
0.358853	-0.217925
0.359603	-0.216751
0.360344	-0.21557
0.361075	-0.214383
0.361796	-0.21319
0.362508	-0.211991
0.363209	-0.210786
0.363902	-0.209575
0.364585	-0.208359
0.365259	-0.207137
0.365923	-0.20591
0.366578	-0.204678
0.367225	-0.203442
0.367862	-0.2022
0.368491	-0.200954
0.369111	-0.199703
0.369722	-0.198448
0.370325	-0.197188
0.37092	-0.195925
0.371506	-0.194658
0.372084	-0.193387
0.372653	-0.192113
0.373215	-0.190835
0.373769	-0.189554
0.374315	-0.18827
0.374853	-0.186983
0.375383	-0.185693
0.375906	-0.1844
0.376422	-0.183105
0.37693	-0.181808
0.377431	-0.180508
0.377924	-0.179206
0.378411	-0.177903
0.379003	-0.176554
0.37962	-0.175221
0.380262	-0.173903
0.380927	-0.1726
0.381615	-0.171312
0.382326	-0.170038
0.38306	-0.16878
0.383815	-0.167537
0.384592	-0.166308
0.38539	-0.165094
0.386208	-0.163894
0.387047	-0.162708
0.387905	-0.161537
0.388782	-0.16038
0.389678	-0.159238
0.390592	-0.158109
0.391523	-0.156994
0.392472	-0.155893
0.393438	-0.154805
0.39442	-0.153732
0.395418	-0.152672
0.396431	-0.151625
0.397459	-0.150592
0.398502	-0.149571
0.399559	-0.148565
0.400629	-0.147571
0.401712	-0.14659
0.402808	-0.145622
0.403916	-0.144667
0.405036	-0.143724
0.406166	-0.142794
0.407308	-0.141877
0.40846	-0.140972
0.409622	-0.14008
0.410793	-0.139199
0.411972	-0.138331
0.413161	-0.137475
0.414357	-0.136631
0.415561	-0.135798
0.416771	-0.134978
0.417988	-0.134169
0.419212	-0.133372
0.420441	-0.132586
0.421675	-0.131811
0.422914	-0.131048
0.424156	-0.130296
0.425403	-0.129556
0.426653	-0.128826
