0.0591933	-0.223813
0.0572726	-0.220831
0.0553533	-0.21791
0.0534353	-0.215051
0.0515187	-0.212254
0.0496034	-0.209518
0.0476894	-0.206843
0.0457768	-0.20423
0.0438656	-0.201678
0.0419557	-0.199188
0.0400472	-0.19676
0.03814	-0.194392
0.0362341	-0.192087
0.0343297	-0.189842
0.0324265	-0.18766
0.0305247	-0.185538
0.0286243	-0.183479
0.0267252	-0.18148
0.0248274	-0.179544
0.022931	-0.177668
0.021036	-0.175855
0.0191423	-0.174102
0.01725	-0.172411
0.015359	-0.170782
0.0134693	-0.169214
0.011581	-0.167708
0.00969407	-0.166263
0.00780847	-0.164879
0.00592422	-0.163557
0.00404132	-0.162297
0.00215977	-0.161098
0.00027957	-0.159961
-0.00159928	-0.158885
-0.00347678	-0.15787
-0.00535294	-0.156917
-0.00722774	-0.156026
-0.00910119	-0.155196
-0.0109733	-0.154427
-0.0128441	-0.15372
-0.0147135	-0.153074
-0.0165815	-0.15249
-0.0184482	-0.151968
-0.0203136	-0.151506
-0.0221776	-0.151107
-0.0240402	-0.150769
-0.0259016	-0.150492
-0.0277615	-0.150277
-0.0296201	-0.150123
-0.0314774	-0.150031
-0.0333333	-0.15
-0.0333333	-0.15
-0.0367347	-0.15
-0.040136	-0.15
-0.0435374	-0.15
-0.0469387	-0.15
-0.0503401	-0.15
-0.0537415	-0.15
-0.0571428	-0.15
-0.0605442	-0.15
-0.0639456	-0.15
-0.0673469	-0.15
-0.0707483	-0.15
-0.0741496	-0.15
-0.077551	-0.15
-0.0809524	-0.15
-0.0843537	-0.15
-0.0877551	-0.15
-0.0911564	-0.15
-0.0945578	-0.15
-0.0979592	-0.15
-0.101361	-0.15
-0.104762	-0.15
-0.108163	-0.15
-0.111565	-0.15
-0.114966	-0.15
-0.118367	-0.15
-0.121769	-0.15
-0.12517	-0.15
-0.128571	-0.15
-0.131973	-0.15
-0.135374	-0.15
-0.138775	-0.15
-0.142177	-0.15
-0.145578	-0.15
-0.14898	-0.15
-0.152381	-0.15
-0.155782	-0.15
-0.159184	-0.15
-0.162585	-0.15
-0.165986	-0.15
-0.169388	-0.15
-0.172789	-0.15
-0.17619	-0.15
-0.179592	-0.15
-0.182993	-0.15
-0.186395	-0.15
-0.189796	-0.15
-0.193197	-0.15
-0.196599	-0.15
-0.2	-0.15
-0.202777	-0.149966
-0.205544	-0.149865
-0.208298	-0.149699
-0.211042	-0.149469
-0.213773	-0.149175
-0.216492	-0.148819
-0.219199	-0.148403
-0.221893	-0.147927
-0.224574	-0.147393
-0.227242	-0.146802
-0.229896	-0.146155
-0.232537	-0.145454
-0.235163	-0.144699
-0.237775	-0.143892
-0.240373	-0.143035
-0.242956	-0.142128
-0.245524	-0.141172
-0.248077	-0.140169
-0.250614	-0.139121
-0.253135	-0.138028
-0.25564	-0.136891
-0.258129	-0.135712
-0.260601	-0.134492
-0.263056	-0.133233
-0.265494	-0.131935
-0.267915	-0.130599
-0.270318	-0.129228
-0.272703	-0.127821
-0.27507	-0.126382
-0.277418	-0.124909
-0.279748	-0.123406
-0.282058	-0.121873
-0.28435	-0.120311
-0.286622	-0.118721
-0.288874	-0.117106
-0.291106	-0.115465
-0.293318	-0.113801
-0.295509	-0.112114
-0.297679	-0.110406
-0.299828	-0.108678
-0.301956	-0.106931
-0.304063	-0.105167
-0.306147	-0.103386
-0.30821	-0.10159
-0.310249	-0.0997803
-0.312267	-0.0979578
-0.314261	-0.0961239
-0.316232	-0.0942798
-0.31818	-0.0924267
-0.32121	-0.08952
-0.324241	-0.0866134
-0.327271	-0.0837067
-0.330301	-0.0808
-0.333332	-0.0778934
-0.336362	-0.0749867
-0.339392	-0.07208
-0.342423	-0.0691734
-0.345453	-0.0662667
-0.348483	-0.06336
-0.351514	-0.0604534
-0.354544	-0.0575467
-0.357575	-0.05464
-0.360605	-0.0517334
-0.363635	-0.0488267
-0.366666	-0.04592
-0.369696	-0.0430134
-0.372726	-0.0401067
-0.375757	-0.0372
-0.378787	-0.0342934
-0.381817	-0.0313867
-0.384848	-0.02848
-0.387878	-0.0255734
-0.390908	-0.0226667
-0.393939	-0.01976
-0.396969	-0.0168533
-0.399999	-0.0139467
-0.40303	-0.01104
-0.40606	-0.00813335
-0.40909	-0.00522668
-0.412121	-0.00232001
-0.415151	0.000586655
-0.418181	0.00349332
-0.421212	0.00639999
-0.424242	0.00930666
-0.427272	0.0122133
-0.430303	0.01512
-0.433333	0.0180267
-0.436364	0.0209333
-0.439394	0.02384
-0.442424	0.0267467
-0.445455	0.0296533
-0.448485	0.03256
-0.451515	0.0354667
-0.454546	0.0383733
-0.457576	0.04128
-0.460606	0.0441867
-0.463637	0.0470933
-0.466667	0.05
-0.467761	0.0510738
-0.468847	0.0521877
-0.469924	0.0533401
-0.470992	0.054529
-0.47205	0.0557527
-0.473098	0.0570095
-0.474135	0.0582974
-0.47516	0.0596146
-0.476173	0.0609595
-0.477173	0.0623301
-0.47816	0.0637247
-0.479132	0.0651415
-0.480091	0.0665786
-0.481034	0.0680343
-0.481961	0.0695067
-0.482872	0.0709941
-0.483767	0.0724947
-0.484644	0.0740066
-0.485503	0.075528
-0.486343	0.0770572
-0.487164	0.0785923
-0.487965	0.0801316
-0.488746	0.0816732
-0.489506	0.0832153
-0.490245	0.0847562
-0.490961	0.0862939
-0.491655	0.0878268
-0.492326	0.089353
-0.492972	0.0908708
-0.493594	0.0923782
-0.494192	0.0938736
-0.494763	0.095355
-0.495309	0.0968208
-0.495827	0.0982691
-0.496319	0.099698
-0.496782	0.101106
-0.497217	0.102491
-0.497623	0.103851
-0.497999	0.105185
-0.498345	0.10649
-0.49866	0.107765
-0.498944	0.109009
-0.499195	0.110218
-0.499414	0.111393
-0.4996	0.112529
-0.499752	0.113627
-0.49987	0.114684
-0.499953	0.115698
-0.5	0.116667
-0.500042	0.118028
-0.500081	0.119388
-0.50012	0.120749
-0.500156	0.122109
-0.500191	0.12347
-0.500224	0.12483
-0.500255	0.126191
-0.500284	0.127551
-0.500312	0.128912
-0.500338	0.130272
-0.500362	0.131633
-0.500385	0.132993
-0.500405	0.134354
-0.500424	0.135714
-0.500442	0.137075
-0.500457	0.138435
-0.500471	0.139796
-0.500483	0.141157
-0.500494	0.142517
-0.500502	0.143878
-0.500509	0.145238
-0.500515	0.146599
-0.500518	0.147959
-0.50052	0.14932
-0.50052	0.15068
-0.500518	0.152041
-0.500515	0.153401
-0.500509	0.154762
-0.500502	0.156122
-0.500494	0.157483
-0.500483	0.158843
-0.500471	0.160204
-0.500457	0.161565
-0.500442	0.162925
-0.500424	0.164286
-0.500405	0.165646
-0.500385	0.167007
-0.500362	0.168367
-0.500338	0.169728
-0.500312	0.171088
-0.500284	0.172449
-0.500255	0.173809
-0.500224	0.17517
-0.500191	0.17653
-0.500156	0.177891
-0.50012	0.179251
-0.500081	0.180612
-0.500042	0.181972
-0.5	0.183333
-0.497307	0.183305
-0.494669	0.183222
-0.492087	0.183083
-0.48956	0.182889
-0.487089	0.182639
-0.484673	0.182333
-0.482313	0.181972
-0.480008	0.181556
-0.477759	0.181084
-0.475566	0.180556
-0.473428	0.179973
-0.471345	0.179335
-0.469318	0.178641
-0.467347	0.177891
-0.465431	0.177086
-0.463571	0.176225
-0.461766	0.175309
-0.460016	0.174337
-0.458323	0.173309
-0.456684	0.172227
-0.455102	0.171088
-0.453575	0.169894
-0.452103	0.168645
-0.450687	0.16734
-0.449326	0.165979
-0.448021	0.164563
-0.446772	0.163092
-0.445578	0.161565
-0.44444	0.159982
-0.443357	0.158344
-0.442329	0.15665
-0.441357	0.154901
-0.440441	0.153096
-0.43958	0.151236
-0.438775	0.14932
-0.438026	0.147348
-0.437331	0.145321
-0.436693	0.143239
-0.43611	0.141101
-0.435582	0.138908
-0.43511	0.136658
-0.434694	0.134354
-0.434333	0.131994
-0.434027	0.129578
-0.433777	0.127107
-0.433583	0.12458
-0.433444	0.121998
-0.433361	0.11936
-0.433333	0.116667
-0.433333	0.115987
-0.433333	0.115306
-0.433333	0.114626
-0.433333	0.113946
-0.433333	0.113266
-0.433333	0.112585
-0.433333	0.111905
-0.433333	0.111225
-0.433333	0.110544
-0.433333	0.109864
-0.433333	0.109184
-0.433333	0.108504
-0.433333	0.107823
-0.433333	0.107143
-0.433333	0.106463
-0.433333	0.105783
-0.433333	0.105102
-0.433333	0.104422
-0.433333	0.103742
-0.433333	0.103061
-0.433333	0.102381
-0.433333	0.101701
-0.433333	0.101021
-0.433333	0.10034
-0.433333	0.09966
-0.433333	0.0989797
-0.433333	0.0982995
-0.433333	0.0976192
-0.433333	0.0969389
-0.433333	0.0962586
-0.433333	0.0955783
-0.433333	0.0948981
-0.433333	0.0942178
-0.433333	0.0935375
-0.433333	0.0928572
-0.433333	0.0921769
-0.433333	0.0914967
-0.433333	0.0908164
-0.433333	0.0901361
-0.433333	0.0894558
-0.433333	0.0887755
-0.433333	0.0880953
-0.433333	0.087415
-0.433333	0.0867347
-0.433333	0.0860544
-0.433333	0.0853741
-0.433333	0.0846939
-0.433333	0.0840136
-0.433333	0.0833333
-0.431972	0.0819728
-0.430612	0.0806122
-0.429251	0.0792517
-0.427891	0.0778911
-0.42653	0.0765306
-0.42517	0.07517
-0.423809	0.0738095
-0.422449	0.072449
-0.421088	0.0710884
-0.419728	0.0697279
-0.418367	0.0683673
-0.417007	0.0670068
-0.415646	0.0656462
-0.414286	0.0642857
-0.412925	0.0629252
-0.411565	0.0615646
-0.410204	0.0602041
-0.408843	0.0588435
-0.407483	0.057483
-0.406122	0.0561224
-0.404762	0.0547619
-0.403401	0.0534014
-0.402041	0.0520408
-0.40068	0.0506803
-0.39932	0.0493197
-0.397959	0.0479592
-0.396599	0.0465986
-0.395238	0.0452381
-0.393878	0.0438776
-0.392517	0.042517
-0.391157	0.0411565
-0.389796	0.0397959
-0.388435	0.0384354
-0.387075	0.0370748
-0.385714	0.0357143
-0.384354	0.0343538
-0.382993	0.0329932
-0.381633	0.0316327
-0.380272	0.0302721
-0.378912	0.0289116
-0.377551	0.027551
-0.376191	0.0261905
-0.37483	0.02483
-0.37347	0.0234694
-0.372109	0.0221089
-0.370749	0.0207483
-0.369388	0.0193878
-0.368028	0.0180272
-0.366667	0.0166667
-0.365987	0.0166667
-0.365306	0.0166667
-0.364626	0.0166667
-0.363946	0.0166667
-0.363266	0.0166667
-0.362585	0.0166667
-0.361905	0.0166667
-0.361225	0.0166667
-0.360544	0.0166667
-0.359864	0.0166667
-0.359184	0.0166667
-0.358504	0.0166667
-0.357823	0.0166667
-0.357143	0.0166667
-0.356463	0.0166667
-0.355782	0.0166667
-0.355102	0.0166667
-0.354422	0.0166667
-0.353742	0.0166667
-0.353061	0.0166667
-0.352381	0.0166667
-0.351701	0.0166667
-0.35102	0.0166667
-0.35034	0.0166667
-0.34966	0.0166667
-0.34898	0.0166667
-0.348299	0.0166667
-0.347619	0.0166667
-0.346939	0.0166667
-0.346258	0.0166667
-0.345578	0.0166667
-0.344898	0.0166667
-0.344218	0.0166667
-0.343537	0.0166667
-0.342857	0.0166667
-0.342177	0.0166667
-0.341496	0.0166667
-0.340816	0.0166667
-0.340136	0.0166667
-0.339456	0.0166667
-0.338775	0.0166667
-0.338095	0.0166667
-0.337415	0.0166667
-0.336734	0.0166667
-0.336054	0.0166667
-0.335374	0.0166667
-0.334694	0.0166667
-0.334013	0.0166667
-0.333333	0.0166667
-0.333118	0.0170602
-0.332903	0.0174536
-0.332688	0.0178471
-0.332473	0.0182406
-0.332258	0.018634
-0.332043	0.0190275
-0.331828	0.019421
-0.331613	0.0198145
-0.331398	0.0202079
-0.331183	0.0206014
-0.330968	0.0209949
-0.330753	0.0213883
-0.330539	0.0217818
-0.330324	0.0221753
-0.330109	0.0225687
-0.329894	0.0229622
-0.329679	0.0233557
-0.329464	0.0237491
-0.329249	0.0241426
-0.329034	0.0245361
-0.328819	0.0249296
-0.328604	0.025323
-0.328389	0.0257165
-0.328174	0.02611
-0.327959	0.0265034
-0.327744	0.0268969
-0.327529	0.0272904
-0.327314	0.0276838
-0.327099	0.0280773
-0.326884	0.0284708
-0.326669	0.0288643
-0.326454	0.0292577
-0.326239	0.0296512
-0.326024	0.0300447
-0.325809	0.0304381
-0.325594	0.0308316
-0.32538	0.0312251
-0.325165	0.0316185
-0.32495	0.032012
-0.324735	0.0324055
-0.32452	0.0327989
-0.324305	0.0331924
-0.32409	0.0335859
-0.323875	0.0339794
-0.32366	0.0343728
-0.323445	0.0347663
-0.32323	0.0351598
-0.323015	0.0355532
-0.3228	0.0359467
-0.325368	0.0409077
-0.327883	0.0458621
-0.330345	0.0508098
-0.332755	0.0557508
-0.335111	0.0606852
-0.337414	0.0656129
-0.339665	0.070534
-0.341862	0.0754484
-0.344007	0.0803561
-0.346098	0.0852572
-0.348137	0.0901516
-0.350122	0.0950394
-0.352055	0.0999205
-0.353935	0.104795
-0.355762	0.109663
-0.357535	0.114524
-0.359256	0.119378
-0.360924	0.124226
-0.362539	0.129067
-0.364101	0.133902
-0.36561	0.13873
-0.367067	0.143551
-0.36847	0.148366
-0.36982	0.153173
-0.371117	0.157975
-0.372362	0.162769
-0.373553	0.167557
-0.374691	0.172338
-0.375777	0.177113
-0.376809	0.181881
-0.377789	0.186642
-0.378716	0.191397
-0.379589	0.196145
-0.38041	0.200886
-0.381178	0.205621
-0.381893	0.210349
-0.382555	0.21507
-0.383163	0.219785
-0.383719	0.224493
-0.384223	0.229194
-0.384673	0.233889
-0.38507	0.238577
-0.385414	0.243258
-0.385705	0.247933
-0.385943	0.252601
-0.386129	0.257263
-0.386261	0.261917
-0.386341	0.266566
-0.386367	0.271207
-0.386348	0.273044
-0.386291	0.274842
-0.386196	0.276603
-0.386063	0.278326
-0.385892	0.280011
-0.385684	0.281658
-0.385438	0.283268
-0.385153	0.284839
-0.384831	0.286373
-0.384471	0.287869
-0.384074	0.289327
-0.383638	0.290747
-0.383164	0.292129
-0.382653	0.293473
-0.382104	0.29478
-0.381517	0.296048
-0.380892	0.297279
-0.380229	0.298472
-0.379529	0.299627
-0.37879	0.300744
-0.378014	0.301823
-0.3772	0.302864
-0.376348	0.303868
-0.375458	0.304833
-0.37453	0.305761
-0.373564	0.306651
-0.372561	0.307503
-0.371519	0.308317
-0.37044	0.309093
-0.369323	0.309832
-0.368168	0.310532
-0.366976	0.311195
-0.365745	0.31182
-0.364477	0.312407
-0.36317	0.312956
-0.361826	0.313467
-0.360444	0.313941
-0.359024	0.314376
-0.357566	0.314774
-0.356071	0.315133
-0.354537	0.315455
-0.352966	0.315739
-0.351357	0.315985
-0.34971	0.316194
-0.348025	0.316364
-0.346302	0.316497
-0.344542	0.316591
-0.342743	0.316648
-0.340907	0.316667
-0.339979	0.316667
-0.339052	0.316667
-0.338124	0.316667
-0.337196	0.316667
-0.336269	0.316667
-0.335341	0.316667
-0.334414	0.316667
-0.333486	0.316667
-0.332558	0.316667
-0.331631	0.316667
-0.330703	0.316667
-0.329775	0.316667
-0.328848	0.316667
-0.32792	0.316667
-0.326993	0.316667
-0.326065	0.316667
-0.325137	0.316667
-0.32421	0.316667
-0.323282	0.316667
-0.322354	0.316667
-0.321427	0.316667
-0.320499	0.316667
-0.319571	0.316667
-0.318644	0.316667
-0.317716	0.316667
-0.316789	0.316667
-0.315861	0.316667
-0.314933	0.316667
-0.314006	0.316667
-0.313078	0.316667
-0.31215	0.316667
-0.311223	0.316667
-0.310295	0.316667
-0.309367	0.316667
-0.30844	0.316667
-0.307512	0.316667
-0.306585	0.316667
-0.305657	0.316667
-0.304729	0.316667
-0.303802	0.316667
-0.302874	0.316667
-0.301946	0.316667
-0.301019	0.316667
-0.300091	0.316667
-0.299164	0.316667
-0.298236	0.316667
-0.297308	0.316667
-0.296381	0.316667
-0.295453	0.316667
-0.294544	0.316658
-0.293674	0.316629
-0.292841	0.316582
-0.292046	0.316516
-0.291288	0.31643
-0.290569	0.316326
-0.289887	0.316203
-0.289244	0.316061
-0.288638	0.3159
-0.28807	0.31572
-0.28754	0.315522
-0.287048	0.315304
-0.286594	0.315067
-0.286177	0.314812
-0.285798	0.314537
-0.285458	0.314244
-0.285155	0.313931
-0.28489	0.3136
-0.284663	0.31325
-0.284473	0.312881
-0.284322	0.312493
-0.284208	0.312086
-0.284133	0.31166
-0.284095	0.311215
-0.284095	0.310751
-0.284133	0.310268
-0.284208	0.309767
-0.284322	0.309246
-0.284473	0.308706
-0.284663	0.308148
-0.28489	0.307571
-0.285155	0.306974
-0.285458	0.306359
-0.285798	0.305725
-0.286177	0.305072
-0.286594	0.3044
-0.287048	0.303709
-0.28754	0.302999
-0.28807	0.30227
-0.288638	0.301522
-0.289244	0.300755
-0.289887	0.29997
-0.290569	0.299165
-0.291288	0.298342
-0.292046	0.297499
-0.292841	0.296638
-0.293674	0.295757
-0.294544	0.294858
-0.295453	0.29394
-0.295917	0.293476
-0.296381	0.293012
-0.296844	0.292549
-0.297308	0.292085
-0.297772	0.291621
-0.298236	0.291157
-0.2987	0.290693
-0.299164	0.290229
-0.299627	0.289766
-0.300091	0.289302
-0.300555	0.288838
-0.301019	0.288374
-0.301483	0.28791
-0.301946	0.287447
-0.30241	0.286983
-0.302874	0.286519
-0.303338	0.286055
-0.303802	0.285591
-0.304266	0.285127
-0.304729	0.284664
-0.305193	0.2842
-0.305657	0.283736
-0.306121	0.283272
-0.306585	0.282808
-0.307048	0.282345
-0.307512	0.281881
-0.307976	0.281417
-0.30844	0.280953
-0.308904	0.280489
-0.309367	0.280026
-0.309831	0.279562
-0.310295	0.279098
-0.310759	0.278634
-0.311223	0.27817
-0.311687	0.277706
-0.31215	0.277243
-0.312614	0.276779
-0.313078	0.276315
-0.313542	0.275851
-0.314006	0.275387
-0.314469	0.274924
-0.314933	0.27446
-0.315397	0.273996
-0.315861	0.273532
-0.316325	0.273068
-0.316789	0.272604
-0.317252	0.272141
-0.317716	0.271677
-0.31818	0.271213
-0.318116	0.268407
-0.317927	0.265554
-0.317617	0.262658
-0.317188	0.259719
-0.316645	0.256741
-0.31599	0.253725
-0.315229	0.250673
-0.314363	0.247587
-0.313397	0.244469
-0.312335	0.241321
-0.311179	0.238146
-0.309933	0.234944
-0.308602	0.231719
-0.307188	0.228472
-0.305695	0.225205
-0.304126	0.22192
-0.302486	0.218619
-0.300777	0.215304
-0.299004	0.211978
-0.297169	0.208642
-0.295277	0.205298
-0.293331	0.201949
-0.291334	0.198595
-0.28929	0.19524
-0.287203	0.191885
-0.285076	0.188532
-0.282912	0.185184
-0.280716	0.181842
-0.278491	0.178508
-0.27624	0.175185
-0.273967	0.171873
-0.271675	0.168577
-0.269369	0.165296
-0.267051	0.162034
-0.264725	0.158792
-0.262395	0.155572
-0.260065	0.152377
-0.257737	0.149208
-0.255415	0.146068
-0.253104	0.142958
-0.250805	0.13988
-0.248524	0.136837
-0.246264	0.13383
-0.244028	0.130862
-0.241819	0.127934
-0.239642	0.125049
-0.237499	0.122208
-0.235395	0.119413
-0.233333	0.116667
-0.233288	0.119809
-0.233245	0.122933
-0.233204	0.12604
-0.233165	0.12913
-0.233128	0.132201
-0.233092	0.135256
-0.233059	0.138292
-0.233027	0.141312
-0.232997	0.144313
-0.232969	0.147298
-0.232943	0.150264
-0.232919	0.153213
-0.232896	0.156145
-0.232876	0.159059
-0.232857	0.161955
-0.23284	0.164834
-0.232825	0.167695
-0.232812	0.170539
-0.232801	0.173366
-0.232792	0.176174
-0.232784	0.178966
-0.232779	0.181739
-0.232775	0.184495
-0.232773	0.187234
-0.232773	0.189955
-0.232775	0.192659
-0.232779	0.195345
-0.232784	0.198013
-0.232792	0.200664
-0.232801	0.203297
-0.232812	0.205913
-0.232825	0.208512
-0.23284	0.211092
-0.232857	0.213656
-0.232876	0.216201
-0.232896	0.21873
-0.232919	0.22124
-0.232943	0.223733
-0.232969	0.226209
-0.232997	0.228667
-0.233027	0.231107
-0.233059	0.23353
-0.233092	0.235936
-0.233128	0.238324
-0.233165	0.240694
-0.233204	0.243047
-0.233245	0.245382
-0.233288	0.2477
-0.233333	0.25
-0.233342	0.251686
-0.233303	0.2534
-0.233218	0.255139
-0.233086	0.2569
-0.232908	0.258681
-0.232685	0.260479
-0.232417	0.262291
-0.232105	0.264115
-0.231749	0.265948
-0.23135	0.267788
-0.230908	0.269631
-0.230425	0.271476
-0.229899	0.273319
-0.229333	0.275159
-0.228727	0.276991
-0.22808	0.278815
-0.227394	0.280627
-0.226669	0.282424
-0.225906	0.284205
-0.225106	0.285965
-0.224268	0.287703
-0.223393	0.289417
-0.222482	0.291102
-0.221536	0.292758
-0.220554	0.294381
-0.219538	0.295968
-0.218488	0.297517
-0.217404	0.299026
-0.216288	0.300491
-0.215139	0.301911
-0.213959	0.303281
-0.212747	0.304601
-0.211504	0.305867
-0.210231	0.307076
-0.208929	0.308227
-0.207597	0.309316
-0.206237	0.31034
-0.204849	0.311298
-0.203433	0.312186
-0.20199	0.313002
-0.200521	0.313743
-0.199026	0.314407
-0.197505	0.314991
-0.19596	0.315492
-0.19439	0.315908
-0.192797	0.316236
-0.191181	0.316474
-0.189541	0.316618
-0.18788	0.316667
-0.186952	0.316667
-0.186025	0.316667
-0.185097	0.316667
-0.18417	0.316667
-0.183242	0.316667
-0.182314	0.316667
-0.181387	0.316667
-0.180459	0.316667
-0.179531	0.316667
-0.178604	0.316667
-0.177676	0.316667
-0.176749	0.316667
-0.175821	0.316667
-0.174893	0.316667
-0.173966	0.316667
-0.173038	0.316667
-0.172111	0.316667
-0.171183	0.316667
-0.170255	0.316667
-0.169328	0.316667
-0.1684	0.316667
-0.167473	0.316667
-0.166545	0.316667
-0.165617	0.316667
-0.16469	0.316667
-0.163762	0.316667
-0.162834	0.316667
-0.161907	0.316667
-0.160979	0.316667
-0.160052	0.316667
-0.159124	0.316667
-0.158196	0.316667
-0.157269	0.316667
-0.156341	0.316667
-0.155414	0.316667
-0.154486	0.316667
-0.153558	0.316667
-0.152631	0.316667
-0.151703	0.316667
-0.150776	0.316667
-0.149848	0.316667
-0.14892	0.316667
-0.147993	0.316667
-0.147065	0.316667
-0.146137	0.316667
-0.14521	0.316667
-0.144282	0.316667
-0.143355	0.316667
-0.142427	0.316667
-0.141518	0.316658
-0.140647	0.316629
-0.139814	0.316582
-0.139019	0.316516
-0.138262	0.31643
-0.137543	0.316326
-0.136861	0.316203
-0.136218	0.316061
-0.135612	0.3159
-0.135044	0.31572
-0.134514	0.315522
-0.134022	0.315304
-0.133567	0.315067
-0.133151	0.314812
-0.132772	0.314537
-0.132431	0.314244
-0.132128	0.313931
-0.131863	0.3136
-0.131636	0.31325
-0.131447	0.312881
-0.131295	0.312493
-0.131182	0.312086
-0.131106	0.31166
-0.131068	0.311215
-0.131068	0.310751
-0.131106	0.310268
-0.131182	0.309767
-0.131295	0.309246
-0.131447	0.308706
-0.131636	0.308148
-0.131863	0.307571
-0.132128	0.306974
-0.132431	0.306359
-0.132772	0.305725
-0.133151	0.305072
-0.133567	0.3044
-0.134022	0.303709
-0.134514	0.302999
-0.135044	0.30227
-0.135612	0.301522
-0.136218	0.300755
-0.136861	0.29997
-0.137543	0.299165
-0.138262	0.298342
-0.139019	0.297499
-0.139814	0.296638
-0.140647	0.295757
-0.141518	0.294858
-0.142427	0.29394
-0.142891	0.293476
-0.143355	0.293012
-0.143818	0.292549
-0.144282	0.292085
-0.144746	0.291621
-0.14521	0.291157
-0.145674	0.290693
-0.146137	0.290229
-0.146601	0.289766
-0.147065	0.289302
-0.147529	0.288838
-0.147993	0.288374
-0.148456	0.28791
-0.14892	0.287447
-0.149384	0.286983
-0.149848	0.286519
-0.150312	0.286055
-0.150775	0.285591
-0.151239	0.285127
-0.151703	0.284664
-0.152167	0.2842
-0.152631	0.283736
-0.153094	0.283272
-0.153558	0.282808
-0.154022	0.282345
-0.154486	0.281881
-0.154949	0.281417
-0.155413	0.280953
-0.155877	0.280489
-0.156341	0.280026
-0.156805	0.279562
-0.157268	0.279098
-0.157732	0.278634
-0.158196	0.27817
-0.15866	0.277706
-0.159124	0.277243
-0.159587	0.276779
-0.160051	0.276315
-0.160515	0.275851
-0.160979	0.275387
-0.161443	0.274924
-0.161906	0.27446
-0.16237	0.273996
-0.162834	0.273532
-0.163298	0.273068
-0.163762	0.272604
-0.164225	0.272141
-0.164689	0.271677
-0.165153	0.271213
-0.165972	0.269619
-0.16673	0.267931
-0.167426	0.266151
-0.168062	0.264276
-0.168636	0.262309
-0.169149	0.260248
-0.169601	0.258094
-0.169992	0.255846
-0.170321	0.253506
-0.170589	0.251071
-0.170797	0.248544
-0.170943	0.245923
-0.171027	0.243209
-0.171051	0.240401
-0.171013	0.2375
-0.170915	0.234506
-0.170755	0.231419
-0.170534	0.228238
-0.170251	0.224963
-0.169908	0.221596
-0.169503	0.218135
-0.169037	0.214581
-0.16851	0.210933
-0.167922	0.207192
-0.167273	0.203358
-0.166562	0.19943
-0.16579	0.195409
-0.164957	0.191295
-0.164063	0.187087
-0.163108	0.182786
-0.162092	0.178392
-0.161014	0.173904
-0.159875	0.169323
-0.158675	0.164649
-0.157414	0.159881
-0.156091	0.15502
-0.154708	0.150066
-0.153263	0.145018
-0.151757	0.139877
-0.15019	0.134643
-0.148562	0.129315
-0.146872	0.123894
-0.145122	0.11838
-0.14331	0.112772
-0.141437	0.107071
-0.139503	0.101277
-0.137507	0.0953888
-0.135451	0.0894077
-0.133333	0.0833333
-0.128228	0.0833744
-0.12329	0.0834954
-0.118509	0.0836928
-0.113879	0.0839634
-0.109391	0.0843037
-0.105037	0.0847103
-0.10081	0.0851798
-0.0967013	0.0857088
-0.0927038	0.0862938
-0.0888091	0.0869316
-0.0850096	0.0876187
-0.0812973	0.0883517
-0.0776644	0.0891272
-0.0741029	0.0899417
-0.070605	0.090792
-0.0671629	0.0916746
-0.0637687	0.0925861
-0.0604144	0.093523
-0.0570923	0.0944821
-0.0537944	0.0954599
-0.050513	0.096453
-0.04724	0.097458
-0.0439677	0.0984714
-0.0406882	0.09949
-0.0373936	0.10051
-0.034076	0.101529
-0.0307276	0.102542
-0.0273405	0.103547
-0.0239068	0.10454
-0.0204187	0.105518
-0.0168683	0.106477
-0.0132477	0.107414
-0.00954903	0.108326
-0.00576444	0.109208
-0.00188607	0.110059
0.00209397	0.110873
0.00618354	0.111649
0.0103905	0.112382
0.0147228	0.113069
0.0191882	0.113706
0.0237946	0.114292
0.0285498	0.114821
0.0334619	0.11529
0.0385386	0.115697
0.0437877	0.116037
0.0492172	0.116307
0.054835	0.116505
0.0606489	0.116626
0.0666667	0.116667
0.0671614	0.119821
0.0676561	0.122975
0.0681508	0.126129
0.0686455	0.129283
0.0691402	0.132437
0.0696349	0.135591
0.0701296	0.138745
0.0706243	0.141899
0.0711189	0.145053
0.0716136	0.148207
0.0721083	0.151361
0.072603	0.154515
0.0730977	0.157669
0.0735924	0.160823
0.0740871	0.163977
0.0745818	0.167131
0.0750765	0.170285
0.0755712	0.173439
0.0760659	0.176593
0.0765606	0.179747
0.0770553	0.182901
0.07755	0.186055
0.0780447	0.189209
0.0785394	0.192363
0.079034	0.195517
0.0795287	0.198671
0.0800234	0.201825
0.0805181	0.204979
0.0810128	0.208133
0.0815075	0.211287
0.0820022	0.214441
0.0824969	0.217595
0.0829916	0.220749
0.0834863	0.223903
0.083981	0.227057
0.0844757	0.230211
0.0849704	0.233365
0.0854651	0.236519
0.0859598	0.239673
0.0864545	0.242827
0.0869491	0.245981
0.0874438	0.249135
0.0879385	0.252289
0.0884332	0.255443
0.0889279	0.258597
0.0894226	0.261751
0.0899173	0.264905
0.090412	0.268059
0.0909067	0.271213
0.0912213	0.273125
0.0915589	0.274995
0.0919194	0.276825
0.092303	0.278613
0.0927094	0.280361
0.0931389	0.282067
0.0935913	0.283733
0.0940667	0.285357
0.094565	0.286941
0.0950864	0.288483
0.0956307	0.289985
0.0961979	0.291445
0.0967881	0.292865
0.0974013	0.294244
0.0980375	0.295581
0.0986966	0.296878
0.0993787	0.298133
0.100084	0.299348
0.100812	0.300521
0.101563	0.301654
0.102337	0.302746
0.103134	0.303796
0.103954	0.304806
0.104797	0.305775
0.105662	0.306702
0.106551	0.307589
0.107463	0.308434
0.108398	0.309239
0.109355	0.310003
0.110336	0.310725
0.11134	0.311407
0.112366	0.312048
0.113416	0.312647
0.114489	0.313206
0.115584	0.313724
0.116703	0.314201
0.117844	0.314636
0.119008	0.315031
0.120196	0.315385
0.121406	0.315697
0.12264	0.315969
0.123896	0.3162
0.125175	0.31639
0.126477	0.316538
0.127803	0.316646
0.129151	0.316713
0.130522	0.316738
0.131916	0.316723
0.133333	0.316667
0.135374	0.316667
0.137415	0.316667
0.139455	0.316667
0.141496	0.316667
0.143537	0.316667
0.145578	0.316667
0.147619	0.316667
0.14966	0.316667
0.1517	0.316667
0.153741	0.316667
0.155782	0.316667
0.157823	0.316667
0.159864	0.316667
0.161904	0.316667
0.163945	0.316667
0.165986	0.316667
0.168027	0.316667
0.170068	0.316667
0.172109	0.316667
0.174149	0.316667
0.17619	0.316667
0.178231	0.316667
0.180272	0.316667
0.182313	0.316667
0.184353	0.316667
0.186394	0.316667
0.188435	0.316667
0.190476	0.316667
0.192517	0.316667
0.194557	0.316667
0.196598	0.316667
0.198639	0.316667
0.20068	0.316667
0.202721	0.316667
0.204762	0.316667
0.206802	0.316667
0.208843	0.316667
0.210884	0.316667
0.212925	0.316667
0.214966	0.316667
0.217006	0.316667
0.219047	0.316667
0.221088	0.316667
0.223129	0.316667
0.22517	0.316667
0.227211	0.316667
0.229251	0.316667
0.231292	0.316667
0.233333	0.316667
0.234747	0.316641
0.236202	0.316564
0.237693	0.316436
0.239216	0.316258
0.240764	0.31603
0.242333	0.315753
0.243918	0.315427
0.245513	0.315053
0.247113	0.314632
0.248713	0.314163
0.250308	0.313649
0.251893	0.313088
0.253462	0.312482
0.25501	0.311831
0.256533	0.311136
0.258025	0.310398
0.25948	0.309616
0.260895	0.308792
0.262263	0.307925
0.263579	0.307017
0.264838	0.306068
0.266036	0.305079
0.267166	0.30405
0.268224	0.302981
0.269204	0.301874
0.270102	0.300729
0.270912	0.299546
0.27163	0.298325
0.272248	0.297069
0.272764	0.295776
0.273171	0.294447
0.273465	0.293084
0.273639	0.291686
0.27369	0.290255
0.273612	0.28879
0.273399	0.287292
0.273047	0.285763
0.27255	0.284201
0.271903	0.282609
0.271102	0.280986
0.27014	0.279333
0.269013	0.27765
0.267715	0.275939
0.266242	0.274199
0.264588	0.272431
0.262748	0.270636
0.260716	0.268814
0.258489	0.266967
0.25606	0.265093
0.255596	0.264785
0.255132	0.264477
0.254669	0.264169
0.254205	0.263861
0.253741	0.263553
0.253277	0.263245
0.252813	0.262937
0.252349	0.262629
0.251886	0.262321
0.251422	0.262013
0.250958	0.261705
0.250494	0.261397
0.25003	0.261089
0.249567	0.260781
0.249103	0.260473
0.248639	0.260165
0.248175	0.259857
0.247711	0.259549
0.247247	0.259241
0.246784	0.258933
0.24632	0.258625
0.245856	0.258317
0.245392	0.258009
0.244928	0.257701
0.244465	0.257392
0.244001	0.257084
0.243537	0.256776
0.243073	0.256468
0.242609	0.25616
0.242146	0.255852
0.241682	0.255544
0.241218	0.255236
0.240754	0.254928
0.24029	0.25462
0.239826	0.254312
0.239363	0.254004
0.238899	0.253696
0.238435	0.253388
0.237971	0.25308
0.237507	0.252772
0.237044	0.252464
0.23658	0.252156
0.236116	0.251848
0.235652	0.25154
0.235188	0.251232
0.234724	0.250924
0.234261	0.250616
0.233797	0.250308
0.233333	0.25
0.233333	0.247279
0.233333	0.244558
0.233333	0.241837
0.233333	0.239116
0.233333	0.236395
0.233333	0.233674
0.233333	0.230952
0.233333	0.228231
0.233333	0.22551
0.233333	0.222789
0.233333	0.220068
0.233333	0.217347
0.233333	0.214626
0.233333	0.211905
0.233333	0.209184
0.233333	0.206463
0.233333	0.203742
0.233333	0.201021
0.233333	0.198299
0.233333	0.195578
0.233333	0.192857
0.233333	0.190136
0.233333	0.187415
0.233333	0.184694
0.233333	0.181973
0.233333	0.179252
0.233333	0.176531
0.233333	0.17381
0.233333	0.171089
0.233333	0.168368
0.233333	0.165646
0.233333	0.162925
0.233333	0.160204
0.233333	0.157483
0.233333	0.154762
0.233333	0.152041
0.233333	0.14932
0.233333	0.146599
0.233333	0.143878
0.233333	0.141157
0.233333	0.138436
0.233333	0.135715
0.233333	0.132993
0.233333	0.130272
0.233333	0.127551
0.233333	0.12483
0.233333	0.122109
0.233333	0.119388
0.233333	0.116667
0.238253	0.11591
0.243101	0.115045
0.247874	0.114074
0.252573	0.112999
0.257195	0.111822
0.26174	0.110543
0.266207	0.109165
0.270593	0.107689
0.274898	0.106117
0.279121	0.104451
0.283261	0.102692
0.287316	0.100842
0.291284	0.0989024
0.295166	0.0968749
0.298959	0.0947612
0.302663	0.0925629
0.306276	0.0902817
0.309797	0.0879192
0.313224	0.085477
0.316558	0.0829569
0.319795	0.0803604
0.322936	0.0776892
0.325978	0.0749449
0.328921	0.0721293
0.331764	0.0692438
0.334505	0.0662902
0.337143	0.0632702
0.339676	0.0601852
0.342105	0.0570371
0.344426	0.0538274
0.34664	0.0505578
0.348745	0.04723
0.35074	0.0438455
0.352623	0.040406
0.354393	0.0369132
0.35605	0.0333687
0.357591	0.0297741
0.359016	0.0261311
0.360324	0.0224414
0.361513	0.0187065
0.362581	0.0149281
0.363529	0.0111079
0.364354	0.00724757
0.365056	0.00334864
0.365633	-0.000587191
0.366083	-0.00455828
0.366407	-0.008563
0.366602	-0.0125997
0.366667	-0.0166667
0.368028	-0.0166667
0.369388	-0.0166667
0.370749	-0.0166667
0.372109	-0.0166667
0.37347	-0.0166667
0.37483	-0.0166667
0.376191	-0.0166667
0.377551	-0.0166667
0.378912	-0.0166667
0.380272	-0.0166667
0.381633	-0.0166667
0.382993	-0.0166667
0.384354	-0.0166667
0.385714	-0.0166667
0.387075	-0.0166667
0.388435	-0.0166667
0.389796	-0.0166667
0.391157	-0.0166667
0.392517	-0.0166667
0.393878	-0.0166667
0.395238	-0.0166667
0.396599	-0.0166667
0.397959	-0.0166667
0.39932	-0.0166667
0.40068	-0.0166667
0.402041	-0.0166667
0.403401	-0.0166667
0.404762	-0.0166667
0.406122	-0.0166667
0.407483	-0.0166667
0.408843	-0.0166667
0.410204	-0.0166667
0.411565	-0.0166667
0.412925	-0.0166667
0.414286	-0.0166667
0.415646	-0.0166667
0.417007	-0.0166667
0.418367	-0.0166667
0.419728	-0.0166667
0.421088	-0.0166667
0.422449	-0.0166667
0.423809	-0.0166667
0.42517	-0.0166667
0.42653	-0.0166667
0.427891	-0.0166667
0.429251	-0.0166667
0.430612	-0.0166667
0.431972	-0.0166667
0.433333	-0.0166667
0.434674	-0.016667
0.436071	-0.016669
0.437521	-0.0166743
0.439019	-0.0166848
0.440563	-0.0167021
0.442149	-0.0167279
0.443773	-0.0167639
0.445432	-0.0168118
0.447122	-0.0168732
0.44884	-0.01695
0.450582	-0.0170438
0.452346	-0.0171563
0.454126	-0.0172892
0.45592	-0.0174442
0.457725	-0.0176229
0.459536	-0.0178272
0.46135	-0.0180587
0.463164	-0.0183191
0.464974	-0.01861
0.466776	-0.0189333
0.468568	-0.0192906
0.470345	-0.0196836
0.472104	-0.020114
0.473842	-0.0205834
0.475555	-0.0210937
0.477239	-0.0216465
0.478891	-0.0222435
0.480507	-0.0228863
0.482085	-0.0235768
0.48362	-0.0243166
0.485108	-0.0251073
0.486547	-0.0259508
0.487933	-0.0268487
0.489262	-0.0278026
0.490531	-0.0288144
0.491737	-0.0298857
0.492874	-0.0310181
0.493942	-0.0322135
0.494934	-0.0334735
0.495849	-0.0347997
0.496683	-0.036194
0.497432	-0.0376579
0.498092	-0.0391933
0.49866	-0.0408017
0.499133	-0.042485
0.499507	-0.0442448
0.499779	-0.0460827
0.499944	-0.0480006
0.5	-0.05
0.5	-0.0513606
0.5	-0.0527211
0.5	-0.0540817
0.5	-0.0554422
0.5	-0.0568028
0.5	-0.0581633
0.5	-0.0595239
0.5	-0.0608844
0.5	-0.062245
0.5	-0.0636055
0.5	-0.0649661
0.5	-0.0663266
0.5	-0.0676872
0.5	-0.0690477
0.5	-0.0704083
0.5	-0.0717688
0.5	-0.0731294
0.5	-0.0744899
0.5	-0.0758505
0.5	-0.077211
0.5	-0.0785716
0.5	-0.0799321
0.5	-0.0812927
0.5	-0.0826532
0.5	-0.0840138
0.5	-0.0853743
0.5	-0.0867349
0.5	-0.0880954
0.5	-0.089456
0.5	-0.0908165
0.5	-0.0921771
0.5	-0.0935376
0.5	-0.0948982
0.5	-0.0962587
0.5	-0.0976193
0.5	-0.0989798
0.5	-0.10034
0.5	-0.101701
0.5	-0.103061
0.5	-0.104422
0.5	-0.105783
0.5	-0.107143
0.5	-0.108504
0.5	-0.109864
0.5	-0.111225
0.5	-0.112585
0.5	-0.113946
0.5	-0.115306
0.5	-0.116667
0.497681	-0.118955
0.495362	-0.121243
0.493043	-0.123531
0.490724	-0.12582
0.488405	-0.128108
0.486086	-0.130396
0.483767	-0.132684
0.481448	-0.134972
0.479129	-0.13726
0.47681	-0.139549
0.474491	-0.141837
0.472172	-0.144125
0.469852	-0.146413
0.467533	-0.148701
0.465214	-0.150989
0.462895	-0.153278
0.460576	-0.155566
0.458257	-0.157854
0.455938	-0.160142
0.453619	-0.16243
0.4513	-0.164718
0.448981	-0.167007
0.446662	-0.169295
0.444343	-0.171583
0.442024	-0.173871
0.439705	-0.176159
0.437386	-0.178447
0.435067	-0.180736
0.432748	-0.183024
0.430429	-0.185312
0.42811	-0.1876
0.425791	-0.189888
0.423472	-0.192176
0.421153	-0.194465
0.418834	-0.196753
0.416515	-0.199041
0.414195	-0.201329
0.411876	-0.203617
0.409557	-0.205905
0.407238	-0.208194
0.404919	-0.210482
0.4026	-0.21277
0.400281	-0.215058
0.397962	-0.217346
0.395643	-0.219634
0.393324	-0.221923
0.391005	-0.224211
0.388686	-0.226499
0.386367	-0.228787
0.383318	-0.231798
0.380301	-0.23478
0.377315	-0.237731
0.374355	-0.240652
0.371422	-0.243539
0.368511	-0.246392
0.365622	-0.24921
0.362751	-0.25199
0.359896	-0.254731
0.357056	-0.257433
0.354228	-0.260094
0.351409	-0.262711
0.348598	-0.265285
0.345792	-0.267813
0.342988	-0.270294
0.340186	-0.272726
0.337382	-0.275109
0.334574	-0.277441
0.331759	-0.27972
0.328937	-0.281945
0.326104	-0.284115
0.323258	-0.286228
0.320397	-0.288282
0.317519	-0.290277
0.314621	-0.292211
0.311701	-0.294083
0.308757	-0.295891
0.305787	-0.297633
0.302788	-0.299309
0.299758	-0.300917
0.296695	-0.302455
0.293597	-0.303923
0.290461	-0.305318
0.287285	-0.30664
0.284067	-0.307886
0.280805	-0.309056
0.277496	-0.310148
0.274139	-0.311161
0.27073	-0.312093
0.267267	-0.312943
0.263749	-0.31371
0.260174	-0.314391
0.256538	-0.314987
0.252839	-0.315494
0.249076	-0.315913
0.245247	-0.316241
0.241348	-0.316477
0.237377	-0.316619
0.233333	-0.316667
0.227466	-0.31662
0.221725	-0.316479
0.216109	-0.316245
0.210615	-0.31592
0.205241	-0.315505
0.199987	-0.315
0.194849	-0.314406
0.189826	-0.313726
0.184916	-0.312959
0.180117	-0.312107
0.175427	-0.311171
0.170844	-0.310151
0.166367	-0.30905
0.161993	-0.307868
0.15772	-0.306606
0.153548	-0.305266
0.149472	-0.303847
0.145493	-0.302352
0.141607	-0.300782
0.137814	-0.299136
0.13411	-0.297418
0.130494	-0.295627
0.126965	-0.293765
0.12352	-0.291832
0.120157	-0.289831
0.116875	-0.287761
0.113671	-0.285624
0.110544	-0.283422
0.107492	-0.281154
0.104512	-0.278823
0.101604	-0.276428
0.0987639	-0.273972
0.0959913	-0.271456
0.0932839	-0.26888
0.0906397	-0.266245
0.0880569	-0.263553
0.0855336	-0.260804
0.0830677	-0.258001
0.0806575	-0.255142
0.078301	-0.252231
0.0759962	-0.249268
0.0737414	-0.246254
0.0715345	-0.243189
0.0693736	-0.240076
0.0672569	-0.236915
0.0651824	-0.233707
0.0631483	-0.230453
0.0611525	-0.227155
